method,seed,step,training_seconds,wall_seconds,d_loss,g_loss,coverage,valid_fraction,mode_tv,mode_0_mass,mode_1_mass,mode_2_mass,mode_3_mass,mode_4_mass,mode_5_mass,mode_6_mass,mode_7_mass,mode_8_mass,mode_9_mass,mode_10_mass,mode_11_mass,mode_12_mass,mode_13_mass,mode_14_mass,mode_15_mass,mode_16_mass,mode_17_mass,mode_18_mass,mode_19_mass,mode_20_mass,mode_21_mass,mode_22_mass,mode_23_mass,mode_24_mass,mode_25_mass,mode_26_mass,mode_27_mass,mode_28_mass,mode_29_mass,mode_30_mass,mode_31_mass,mode_32_mass,mode_33_mass,mode_34_mass,mode_35_mass,mode_36_mass,mode_37_mass,mode_38_mass,mode_39_mass,mode_40_mass,mode_41_mass,mode_42_mass,mode_43_mass,mode_44_mass,mode_45_mass,mode_46_mass,mode_47_mass,mode_48_mass
paired,0,0,0.0,0.0015193750150501728,nan,nan,1,0.9789,0.9795918367346936,0.0,0.0,0.0,0.0,0.0,0.0,0.0,0.0,0.0,0.0,0.0,0.0,0.0,0.0,0.0,0.0,0.0,0.0,0.0,0.0,0.0,0.0,0.0,0.0,0.9789,0.0,0.0,0.0,0.0,0.0,0.0,0.0,0.0,0.0,0.0,0.0,0.0,0.0,0.0,0.0,0.0,0.0,0.0,0.0,0.0,0.0,0.0,0.0,0.0
paired,0,1000,1.082099283230491,1.0877924589440227,0.6893537044525146,0.7050106525421143,0,0.11099999999999999,0.889,0.0013,0.0019,0.0016,0.0016,0.0019,0.0026,0.0009,0.0013,0.0025,0.0029,0.0033,0.0039,0.0033,0.0013,0.0017,0.0027,0.004,0.0037,0.0043,0.0032,0.0017,0.0026,0.0033,0.0031,0.0029,0.0036,0.0022,0.0014,0.0007,0.0029,0.0033,0.0036,0.0019,0.0033,0.0014,0.0009,0.0028,0.0023,0.0023,0.0028,0.002,0.0012,0.0006,0.0017,0.0017,0.0012,0.0011,0.0019,0.0007
paired,0,2000,2.1919244177406654,2.2019680000375956,0.6874058246612549,0.6999117136001587,0,0.11030000000000006,0.8896999999999999,0.0015,0.0007,0.0013,0.0008,0.0016,0.0013,0.0002,0.0013,0.003,0.0031,0.0041,0.0036,0.0038,0.0012,0.0013,0.0028,0.0037,0.0028,0.0031,0.0032,0.0015,0.0014,0.0032,0.0038,0.0025,0.0035,0.0025,0.0014,0.0017,0.0034,0.0033,0.003,0.0037,0.0028,0.0013,0.0011,0.0032,0.0029,0.003,0.002,0.0038,0.0018,0.0006,0.0026,0.0006,0.0022,0.0006,0.0016,0.0009
paired,0,3000,3.2572365887463093,3.27156466699671,0.6909900903701782,0.7088561058044434,0,0.11629999999999996,0.8836999999999999,0.002,0.0011,0.0013,0.0019,0.0012,0.0019,0.001,0.0018,0.0041,0.0028,0.0043,0.0032,0.0044,0.0011,0.0012,0.0026,0.0025,0.0036,0.0026,0.0024,0.0019,0.0017,0.0041,0.0028,0.0032,0.0018,0.0041,0.0014,0.0009,0.0028,0.0023,0.0035,0.0018,0.0028,0.0014,0.0017,0.0032,0.0036,0.0047,0.0029,0.0028,0.0013,0.0012,0.0023,0.0014,0.002,0.0016,0.0025,0.0016
paired,0,4000,4.335666928789578,4.354003792046569,0.6926023364067078,0.6987210512161255,0,0.11709999999999998,0.8829,0.0015,0.0025,0.002,0.0022,0.0014,0.0019,0.0018,0.0012,0.0059,0.0032,0.0032,0.0039,0.0043,0.0016,0.001,0.003,0.0019,0.0018,0.0014,0.0025,0.0032,0.0011,0.0048,0.0023,0.0015,0.0021,0.0024,0.0022,0.001,0.004,0.0023,0.0037,0.0022,0.0027,0.0017,0.0013,0.0036,0.0032,0.0037,0.0028,0.0028,0.0025,0.0006,0.0015,0.0023,0.0016,0.0013,0.0024,0.0021
paired,0,5000,5.404012538259849,5.4260635420214385,0.6922644376754761,0.6927606463432312,0,0.11670000000000003,0.8833,0.0009,0.0037,0.0036,0.0031,0.0026,0.0037,0.0024,0.0017,0.0039,0.0016,0.0015,0.0018,0.0038,0.0027,0.0013,0.0025,0.0014,0.0017,0.0014,0.0027,0.0022,0.0014,0.004,0.002,0.0014,0.0018,0.0027,0.0023,0.0015,0.0032,0.0022,0.0024,0.0023,0.003,0.003,0.0013,0.0048,0.0036,0.0032,0.003,0.0049,0.0023,0.0005,0.002,0.0024,0.0015,0.0014,0.0015,0.0009
paired,0,6000,6.478227211511694,6.505531125003472,0.6902689933776855,0.7004234790802002,0,0.12939999999999996,0.8706,0.005,0.0053,0.0056,0.0046,0.0059,0.0044,0.0026,0.0027,0.002,0.0028,0.0017,0.0023,0.0022,0.0018,0.0031,0.0017,0.0016,0.0027,0.0017,0.0024,0.0024,0.0038,0.003,0.0019,0.0015,0.0024,0.0021,0.0029,0.0028,0.0021,0.0019,0.0023,0.0023,0.0031,0.0024,0.0031,0.0033,0.0025,0.0024,0.0022,0.0031,0.0013,0.0008,0.0021,0.0023,0.0021,0.0014,0.0027,0.0011
paired,0,7000,7.547955569112673,7.578822250012308,0.6933090686798096,0.6987252831459045,0,0.13080000000000003,0.8692,0.0019,0.0027,0.0036,0.0028,0.0025,0.0027,0.0029,0.0017,0.0012,0.0018,0.0014,0.0033,0.0017,0.0029,0.0016,0.0011,0.0021,0.0029,0.0025,0.0028,0.0042,0.0015,0.0028,0.003,0.0014,0.0024,0.0027,0.0044,0.001,0.0022,0.0031,0.0045,0.0023,0.0025,0.0039,0.001,0.0023,0.0025,0.0036,0.0028,0.0018,0.003,0.0013,0.0027,0.0049,0.0043,0.0041,0.004,0.0045
paired,0,8000,8.634621744975448,8.669048749958165,0.6917920112609863,0.6986514329910278,0,0.14260000000000006,0.8573999999999999,0.0066,0.0022,0.0023,0.0027,0.0021,0.0021,0.003,0.0039,0.0019,0.0017,0.0024,0.0026,0.002,0.0026,0.0052,0.0024,0.0029,0.0025,0.0023,0.002,0.0019,0.0046,0.0029,0.0029,0.0024,0.0026,0.0023,0.0021,0.0046,0.0019,0.0021,0.002,0.0012,0.0028,0.002,0.0033,0.0027,0.0025,0.0025,0.0013,0.0019,0.0023,0.0056,0.0051,0.0044,0.0041,0.0049,0.0052,0.0031
paired,0,9000,9.71971712843515,9.758326916955411,0.6899645924568176,0.698633074760437,0,0.16959999999999997,0.8304,0.0032,0.0034,0.0056,0.0048,0.0048,0.0059,0.0062,0.0023,0.001,0.0023,0.0021,0.0027,0.0025,0.0035,0.0045,0.0018,0.0032,0.0035,0.0021,0.0017,0.0056,0.0044,0.0025,0.0037,0.0019,0.0023,0.0027,0.0042,0.0044,0.002,0.003,0.0036,0.0014,0.0019,0.0042,0.0037,0.0032,0.0018,0.0024,0.0025,0.0028,0.0034,0.0063,0.0047,0.0057,0.0044,0.0056,0.0041,0.0041
paired,0,10000,10.891401279601268,10.933795209042728,0.6904061436653137,0.6953993439674377,1,0.1865,0.8134999999999999,0.0102,0.0057,0.0058,0.0054,0.0057,0.005,0.0068,0.0043,0.0018,0.0013,0.0019,0.0026,0.0022,0.0033,0.0045,0.0021,0.0029,0.0033,0.0024,0.0019,0.0053,0.0051,0.0032,0.0033,0.0027,0.0027,0.0027,0.0043,0.0042,0.0024,0.0026,0.0041,0.0013,0.0025,0.0054,0.002,0.0016,0.0022,0.003,0.0021,0.0023,0.0046,0.004,0.0042,0.0054,0.0054,0.0056,0.0062,0.007
paired,0,11000,11.979571318486705,12.027447749977,0.6911752223968506,0.6985317468643188,0,0.17900000000000005,0.821,0.0059,0.0046,0.0054,0.0058,0.0063,0.0063,0.0076,0.0027,0.0014,0.002,0.0018,0.0018,0.002,0.0036,0.003,0.0019,0.0025,0.0035,0.0018,0.0024,0.0044,0.003,0.0025,0.0026,0.0023,0.0026,0.0028,0.0047,0.0027,0.0013,0.0028,0.0045,0.0016,0.002,0.0055,0.0017,0.0016,0.002,0.0031,0.0021,0.0018,0.0045,0.005,0.0043,0.0069,0.006,0.0065,0.0068,0.0091
paired,0,12000,13.04501436976716,13.097481166943908,0.692830502986908,0.6946460008621216,0,0.1452,0.8547999999999999,0.0052,0.0046,0.0046,0.0048,0.0057,0.0047,0.0034,0.0023,0.0009,0.0019,0.0027,0.0019,0.0017,0.0008,0.003,0.0024,0.0031,0.0028,0.0024,0.0021,0.0015,0.0028,0.0031,0.0029,0.0032,0.0026,0.0023,0.0015,0.0024,0.0022,0.003,0.003,0.0021,0.003,0.0005,0.0031,0.0018,0.0017,0.0022,0.0018,0.0016,0.0007,0.0068,0.0064,0.006,0.0067,0.004,0.0037,0.0016
paired,0,13000,14.151397830224596,14.207654000027105,0.693079948425293,0.6950699090957642,3,0.21299999999999997,0.7869999999999999,0.0123,0.0057,0.0052,0.0068,0.0078,0.0063,0.0129,0.0043,0.0013,0.0019,0.0019,0.0027,0.0026,0.004,0.0057,0.0029,0.0032,0.0036,0.0027,0.001,0.0059,0.006,0.0029,0.0033,0.0038,0.0035,0.0027,0.0056,0.0056,0.002,0.0022,0.0035,0.0025,0.0027,0.0059,0.0047,0.002,0.0028,0.0032,0.0018,0.0017,0.0053,0.0048,0.0038,0.0047,0.0044,0.0049,0.006,0.01
paired,0,14000,15.201079297345132,15.261006916989572,0.6940617561340332,0.6905627250671387,0,0.1543,0.8456999999999999,0.0058,0.0044,0.0056,0.0048,0.0058,0.0043,0.0083,0.0027,0.0018,0.0016,0.0024,0.002,0.0017,0.0028,0.0028,0.0027,0.0024,0.0037,0.0028,0.0019,0.004,0.003,0.0022,0.0033,0.0034,0.0037,0.0029,0.0044,0.0028,0.0024,0.0017,0.0029,0.0035,0.0026,0.0046,0.0029,0.0016,0.0026,0.0029,0.0022,0.0018,0.003,0.0013,0.0019,0.0035,0.0028,0.0024,0.0034,0.0043
paired,0,15000,16.26456598727964,16.328210292034782,0.6908531785011292,0.6949371695518494,3,0.2077,0.7923,0.0103,0.0028,0.004,0.0051,0.0043,0.0046,0.0094,0.004,0.0008,0.0017,0.0016,0.0018,0.0017,0.0058,0.0065,0.0021,0.0021,0.003,0.0029,0.0026,0.0053,0.0073,0.0022,0.0035,0.0026,0.0027,0.0022,0.0064,0.0073,0.002,0.0022,0.0037,0.0012,0.0018,0.0063,0.0048,0.0028,0.0027,0.0025,0.0018,0.0018,0.0052,0.0117,0.0044,0.007,0.0062,0.0049,0.0056,0.0125
paired,0,16000,17.356094774557278,17.424078625044785,0.6868689060211182,0.7017106413841248,1,0.20530000000000004,0.7947,0.0126,0.004,0.0062,0.0056,0.0059,0.0054,0.0083,0.0052,0.0017,0.0019,0.0022,0.002,0.0019,0.0054,0.0067,0.0021,0.0033,0.0036,0.0024,0.0017,0.0052,0.007,0.0022,0.0026,0.0029,0.0029,0.0027,0.0047,0.0074,0.0023,0.0026,0.004,0.0015,0.0027,0.0057,0.0064,0.0023,0.0019,0.0031,0.0017,0.0024,0.0041,0.007,0.0054,0.0058,0.005,0.0031,0.0043,0.0083
paired,0,17000,18.475274949218147,18.546973083983175,0.6902074813842773,0.6995816230773926,4,0.23709999999999998,0.7628999999999999,0.015,0.0051,0.0057,0.008,0.008,0.0067,0.0152,0.0046,0.0017,0.0018,0.003,0.0019,0.0026,0.0049,0.0067,0.0023,0.0033,0.003,0.0022,0.0016,0.0062,0.0067,0.0028,0.003,0.0029,0.0024,0.0025,0.0067,0.0054,0.0022,0.0028,0.0034,0.0017,0.0024,0.0062,0.0047,0.0021,0.002,0.0038,0.0017,0.002,0.0052,0.0116,0.0065,0.0086,0.0065,0.0048,0.0052,0.0118
paired,0,18000,19.56339274032507,19.63862095901277,0.6886957883834839,0.7008445262908936,4,0.23760000000000003,0.7624,0.0155,0.0051,0.0052,0.0075,0.0071,0.0059,0.0126,0.0044,0.0015,0.0014,0.0023,0.0026,0.0024,0.0056,0.0064,0.0025,0.0031,0.0036,0.0019,0.0026,0.0057,0.007,0.0029,0.0025,0.002,0.0027,0.002,0.0069,0.0072,0.0015,0.0027,0.0031,0.0014,0.0017,0.0074,0.0057,0.0028,0.0026,0.0031,0.0021,0.0024,0.0051,0.0127,0.0053,0.0076,0.0073,0.0048,0.0061,0.0141
paired,0,19000,20.65368296043016,20.732702667010017,0.6852842569351196,0.7023664116859436,4,0.23550000000000004,0.7645,0.0155,0.0054,0.0051,0.0066,0.0069,0.0061,0.0124,0.0056,0.0021,0.002,0.0021,0.0024,0.0022,0.0051,0.0067,0.0028,0.0033,0.0028,0.0027,0.0022,0.0054,0.0071,0.0019,0.003,0.0026,0.0025,0.003,0.0062,0.0071,0.0022,0.0024,0.0031,0.0016,0.0027,0.0068,0.0055,0.0027,0.002,0.0029,0.0024,0.0022,0.0055,0.0114,0.006,0.0069,0.0068,0.005,0.0057,0.0129
paired,0,20000,21.734271363471635,21.817141584004276,0.6850619316101074,0.7040252685546875,4,0.2239,0.7761,0.012,0.0053,0.0056,0.0066,0.0066,0.0053,0.0146,0.004,0.002,0.0015,0.0023,0.0022,0.0017,0.0067,0.0055,0.0025,0.0033,0.0025,0.0019,0.0021,0.0059,0.0058,0.0026,0.0032,0.0018,0.0027,0.0022,0.0049,0.0056,0.0028,0.0018,0.0041,0.0014,0.003,0.0053,0.0052,0.003,0.0026,0.0027,0.0027,0.002,0.0063,0.0102,0.0059,0.0071,0.007,0.0055,0.0048,0.0116
paired,0,21000,22.871321996906772,22.958142334013246,0.6825692653656006,0.7056106328964233,4,0.2319,0.7681,0.0142,0.0043,0.0056,0.0066,0.0065,0.0052,0.0146,0.0052,0.0023,0.0018,0.0022,0.0021,0.002,0.0065,0.007,0.0031,0.0024,0.0021,0.0019,0.0019,0.0069,0.0069,0.0017,0.0033,0.0024,0.0026,0.0023,0.0054,0.007,0.0028,0.0019,0.0034,0.0009,0.0033,0.0057,0.0053,0.0025,0.0025,0.0023,0.0025,0.0019,0.0067,0.0128,0.0059,0.0061,0.0061,0.0058,0.0053,0.0122
paired,0,22000,23.93177237873897,24.022284709033556,0.6843816637992859,0.7007993459701538,4,0.22499999999999998,0.7749999999999999,0.0123,0.003,0.0055,0.0057,0.0057,0.0067,0.0117,0.0049,0.0019,0.0021,0.0015,0.0023,0.0024,0.0053,0.0066,0.0029,0.0023,0.0026,0.0027,0.0029,0.0063,0.0062,0.0018,0.003,0.0021,0.0028,0.0021,0.0064,0.0062,0.0021,0.002,0.0029,0.002,0.0025,0.006,0.0062,0.0021,0.0027,0.0026,0.0028,0.0027,0.0067,0.0125,0.006,0.006,0.0063,0.0054,0.0056,0.012
paired,0,23000,24.993439045967534,25.087596499943174,0.684400737285614,0.7027755379676819,3,0.21819999999999995,0.7818,0.0119,0.0044,0.0046,0.0068,0.0059,0.006,0.0147,0.0055,0.0017,0.0014,0.0021,0.0021,0.0023,0.0065,0.0067,0.0033,0.0029,0.0036,0.0021,0.0034,0.0064,0.0045,0.0024,0.0034,0.0023,0.0027,0.0028,0.0077,0.0053,0.0021,0.0019,0.0026,0.0024,0.0029,0.0056,0.0055,0.0014,0.0027,0.002,0.0026,0.0019,0.0054,0.0107,0.0035,0.0056,0.0045,0.0049,0.0052,0.0094
paired,0,24000,26.077910166350193,26.175804874976166,0.6788029074668884,0.7048660516738892,4,0.22440000000000004,0.7755999999999998,0.0127,0.0044,0.0047,0.0072,0.0056,0.0061,0.0132,0.0052,0.0018,0.0018,0.0025,0.0026,0.0019,0.0047,0.0055,0.0029,0.0029,0.0036,0.002,0.0032,0.0057,0.0058,0.0025,0.003,0.002,0.0035,0.0028,0.0074,0.0057,0.0024,0.0018,0.0026,0.0015,0.0025,0.0061,0.0057,0.0018,0.0029,0.0026,0.0023,0.0024,0.0061,0.0128,0.0046,0.0054,0.0057,0.0045,0.0046,0.0132
paired,0,25000,27.169376193312928,27.27185058395844,0.6839467883110046,0.7108463048934937,4,0.23099999999999998,0.7689999999999999,0.0135,0.0052,0.0053,0.0076,0.0061,0.0048,0.0136,0.0061,0.0019,0.0013,0.0023,0.0023,0.0024,0.0046,0.0082,0.0026,0.0029,0.003,0.0022,0.0028,0.0054,0.0053,0.0029,0.003,0.0025,0.0031,0.0023,0.0057,0.0068,0.0024,0.0027,0.0026,0.0019,0.0023,0.0054,0.0057,0.0023,0.003,0.0028,0.0026,0.0028,0.0061,0.0145,0.0044,0.0057,0.0064,0.0049,0.0045,0.0123
paired,0,26000,28.283666117931716,28.392690166947432,0.6746072769165039,0.7165787220001221,3,0.2087,0.7912999999999999,0.0062,0.0063,0.0054,0.0063,0.007,0.0066,0.0106,0.002,0.0016,0.0027,0.0019,0.0018,0.0018,0.0045,0.0026,0.0027,0.0025,0.0033,0.003,0.0023,0.0041,0.0044,0.0028,0.0031,0.0025,0.0031,0.0031,0.0057,0.0045,0.0028,0.0029,0.0027,0.0023,0.0022,0.0047,0.0044,0.0028,0.0025,0.0026,0.0019,0.0025,0.006,0.0117,0.0051,0.0058,0.0064,0.0057,0.0056,0.0137
paired,0,27000,29.3675034501357,29.48050566704478,0.6777951717376709,0.7120906114578247,4,0.23660000000000003,0.7633999999999999,0.0123,0.005,0.0055,0.0069,0.0062,0.0069,0.0155,0.0054,0.0017,0.0017,0.0023,0.0034,0.0021,0.006,0.0084,0.0026,0.002,0.002,0.0017,0.0022,0.0058,0.0053,0.0034,0.0032,0.0023,0.0033,0.003,0.0071,0.0076,0.002,0.0031,0.0025,0.0023,0.0027,0.0061,0.0062,0.0027,0.0031,0.0023,0.0022,0.002,0.0062,0.0142,0.004,0.0045,0.006,0.0056,0.0051,0.013
paired,0,28000,30.459253103705123,30.576257708948106,0.6711400747299194,0.7124251127243042,4,0.23649999999999993,0.7635,0.0152,0.006,0.005,0.0066,0.0067,0.0049,0.0135,0.0036,0.0016,0.0024,0.0019,0.0021,0.002,0.0057,0.0052,0.0036,0.0031,0.0026,0.0033,0.0021,0.0058,0.0063,0.0031,0.0028,0.0021,0.0032,0.0022,0.0058,0.0068,0.0023,0.002,0.0022,0.0026,0.0019,0.0058,0.0067,0.0027,0.003,0.0027,0.0024,0.0021,0.0066,0.0152,0.0057,0.0058,0.0066,0.0059,0.0047,0.0144
paired,0,29000,31.567374271457084,31.688272709026933,0.6715831160545349,0.7096124887466431,4,0.23560000000000003,0.7643999999999999,0.0147,0.0051,0.0052,0.0062,0.0054,0.0056,0.014,0.005,0.0022,0.002,0.0015,0.0019,0.0015,0.0043,0.0071,0.0029,0.0026,0.0029,0.0028,0.0029,0.0059,0.0061,0.0039,0.0031,0.0019,0.0027,0.0023,0.0066,0.0071,0.0024,0.002,0.0026,0.0021,0.002,0.0059,0.0068,0.0037,0.0034,0.003,0.002,0.0027,0.0066,0.017,0.0048,0.0059,0.0059,0.0041,0.004,0.0133
paired,0,30000,32.63745249994099,32.76278099999763,0.6719843149185181,0.7118936777114868,4,0.24860000000000004,0.7513999999999998,0.0171,0.0049,0.0052,0.0066,0.0055,0.0065,0.0158,0.0059,0.002,0.0014,0.0019,0.0023,0.0019,0.0061,0.0067,0.0029,0.0032,0.0019,0.0026,0.0024,0.0054,0.0068,0.0038,0.003,0.0028,0.0026,0.0021,0.0081,0.0074,0.003,0.0025,0.0022,0.0018,0.0026,0.0062,0.007,0.0027,0.0033,0.0021,0.0018,0.0023,0.0067,0.0139,0.005,0.0072,0.0066,0.0061,0.0055,0.0153
paired,0,31000,33.69782544823829,33.82716724998318,0.6729061603546143,0.7140903472900391,4,0.24980000000000002,0.7502,0.0169,0.0057,0.005,0.0074,0.0067,0.0054,0.0165,0.0053,0.0024,0.0022,0.0022,0.0024,0.0022,0.0061,0.0061,0.0025,0.0036,0.0025,0.0022,0.0018,0.0058,0.0064,0.0029,0.0034,0.0025,0.0028,0.0025,0.0077,0.0065,0.0021,0.0028,0.0028,0.0019,0.0018,0.0054,0.0066,0.0026,0.0032,0.0021,0.0017,0.0025,0.0068,0.015,0.0061,0.0075,0.0069,0.0061,0.0053,0.015
paired,0,32000,34.780374695314094,34.914004042046145,0.6659112572669983,0.7299467921257019,4,0.25029999999999997,0.7497,0.0147,0.005,0.006,0.0067,0.0057,0.0055,0.016,0.0061,0.0015,0.0019,0.0015,0.0025,0.0022,0.0049,0.0072,0.0031,0.0033,0.0026,0.001,0.0022,0.0059,0.0059,0.0033,0.0034,0.0029,0.0032,0.0032,0.0079,0.007,0.0028,0.0031,0.0021,0.0013,0.0021,0.0066,0.0059,0.0034,0.0033,0.0025,0.0015,0.0015,0.008,0.015,0.0061,0.0076,0.007,0.0062,0.0055,0.0165
paired,0,33000,35.85578170150984,35.99344887502957,0.6668334007263184,0.7357921600341797,4,0.253,0.7469999999999999,0.0145,0.0045,0.0066,0.007,0.0056,0.0062,0.0183,0.006,0.0015,0.002,0.0018,0.0025,0.0014,0.0062,0.0072,0.0025,0.0034,0.0028,0.0022,0.0027,0.0071,0.0063,0.0027,0.0029,0.0033,0.0034,0.0024,0.0079,0.0062,0.0018,0.0031,0.0025,0.0014,0.0034,0.0059,0.0063,0.0021,0.0032,0.0037,0.0016,0.0017,0.0057,0.014,0.0049,0.007,0.0071,0.007,0.007,0.0165
paired,0,34000,36.942567014251836,37.084353624959476,0.6652315258979797,0.731708824634552,4,0.2499,0.7501,0.0166,0.0055,0.0062,0.0066,0.0054,0.0051,0.0139,0.0068,0.0025,0.0025,0.0018,0.0021,0.0022,0.0054,0.007,0.0026,0.0024,0.0026,0.0014,0.0026,0.0072,0.006,0.0033,0.0034,0.0035,0.0031,0.0029,0.008,0.0056,0.0031,0.0024,0.0016,0.0014,0.0024,0.0057,0.0075,0.0035,0.0038,0.0031,0.0018,0.0025,0.0057,0.0168,0.0045,0.0077,0.0076,0.0055,0.005,0.0141
paired,0,35000,38.01630180608481,38.16206849995069,0.6572637557983398,0.7452803254127502,3,0.23859999999999992,0.7614000000000001,0.0092,0.006,0.0054,0.0067,0.0059,0.0054,0.0148,0.0043,0.0026,0.0021,0.002,0.0023,0.0018,0.0046,0.0058,0.0021,0.0027,0.0028,0.0012,0.0031,0.0072,0.0059,0.0035,0.0039,0.003,0.0029,0.0024,0.0075,0.0036,0.0025,0.0024,0.0017,0.002,0.0024,0.0071,0.0066,0.0033,0.0028,0.0033,0.0023,0.0022,0.008,0.0166,0.0054,0.0076,0.0078,0.0051,0.0059,0.0129
paired,0,36000,39.10228248301428,39.251928208977915,0.6586295366287231,0.7495847940444946,4,0.2528,0.7471999999999999,0.0147,0.0051,0.0065,0.0072,0.0051,0.0057,0.0168,0.0061,0.0017,0.002,0.0017,0.0025,0.0015,0.0048,0.0059,0.002,0.003,0.0023,0.0029,0.0027,0.0061,0.0063,0.0034,0.0043,0.0029,0.0024,0.0037,0.0075,0.0064,0.0022,0.0025,0.0024,0.0013,0.0023,0.0059,0.0091,0.0035,0.0036,0.004,0.0025,0.0029,0.0076,0.0166,0.004,0.007,0.0075,0.0055,0.005,0.0142
paired,0,37000,40.183461533510126,40.337431250023656,0.6494131088256836,0.7494109272956848,4,0.25529999999999997,0.7446999999999999,0.0127,0.006,0.0071,0.0072,0.006,0.005,0.0167,0.0063,0.0018,0.0022,0.0019,0.0024,0.002,0.0043,0.0057,0.0014,0.0029,0.0024,0.0024,0.0033,0.0069,0.0065,0.0024,0.0033,0.0037,0.0022,0.0036,0.0084,0.0047,0.0023,0.0024,0.0019,0.0014,0.0026,0.0066,0.0062,0.0035,0.0034,0.0048,0.003,0.0039,0.0083,0.0155,0.005,0.0063,0.0079,0.006,0.0069,0.016
paired,0,38000,41.27555989078246,41.43366512504872,0.6484524011611938,0.7574908137321472,4,0.2631,0.7368999999999999,0.0163,0.0067,0.0076,0.0081,0.0068,0.0062,0.018,0.0073,0.0021,0.0019,0.0019,0.0023,0.0025,0.0056,0.0058,0.0015,0.0021,0.0019,0.0023,0.0029,0.0064,0.0062,0.0027,0.0035,0.003,0.0024,0.0039,0.0075,0.0055,0.0021,0.0022,0.0022,0.002,0.0032,0.0057,0.007,0.003,0.0044,0.004,0.0022,0.004,0.0075,0.0154,0.005,0.0071,0.0082,0.0058,0.0069,0.0143
paired,0,39000,42.33177283452824,42.49378987494856,0.6404052972793579,0.7503795623779297,4,0.26960000000000006,0.7303999999999999,0.0153,0.0052,0.0072,0.0075,0.0071,0.0058,0.0165,0.0059,0.0018,0.0017,0.0025,0.0025,0.0023,0.0043,0.0065,0.0023,0.0027,0.0022,0.0026,0.0036,0.0063,0.007,0.0034,0.0032,0.0027,0.0021,0.0039,0.0073,0.0059,0.0024,0.0021,0.0016,0.0016,0.0031,0.0053,0.0087,0.0042,0.0055,0.0052,0.0033,0.0041,0.0075,0.0174,0.0056,0.0076,0.0087,0.0064,0.0069,0.0151
paired,0,40000,43.429049021797255,43.594935999950394,0.6390514373779297,0.7573976516723633,4,0.2621,0.7379,0.0166,0.0061,0.0077,0.0084,0.009,0.0069,0.0186,0.0062,0.002,0.0013,0.0019,0.0021,0.0016,0.0055,0.005,0.0018,0.0023,0.0021,0.0018,0.0031,0.006,0.0066,0.0023,0.0036,0.0023,0.002,0.0039,0.008,0.0052,0.0017,0.0023,0.0018,0.0016,0.0033,0.0056,0.0059,0.0031,0.0056,0.0044,0.0039,0.0032,0.0058,0.0172,0.0056,0.008,0.0073,0.0062,0.006,0.0137
paired,0,41000,44.48919424135238,44.659765125019476,0.633497953414917,0.7753828763961792,4,0.2663,0.7337,0.0164,0.0065,0.0079,0.0081,0.0083,0.0062,0.0196,0.0068,0.0023,0.0013,0.002,0.002,0.0022,0.0056,0.0061,0.0019,0.002,0.0015,0.0025,0.0038,0.0062,0.0052,0.0025,0.0034,0.0029,0.0022,0.004,0.0079,0.0052,0.0015,0.0025,0.0018,0.0018,0.0028,0.0067,0.0064,0.0035,0.005,0.0051,0.0046,0.0036,0.0062,0.0159,0.0043,0.0084,0.0069,0.0063,0.0067,0.0138
paired,0,42000,45.5979619063437,45.772814208990894,0.6388589143753052,0.7803608179092407,4,0.26459999999999995,0.7354,0.0164,0.0061,0.0075,0.0085,0.0083,0.006,0.0189,0.0075,0.0028,0.0012,0.0026,0.0022,0.0024,0.0048,0.0055,0.0019,0.0029,0.0018,0.0022,0.0043,0.0068,0.0067,0.0022,0.0032,0.0027,0.0022,0.0033,0.0073,0.0064,0.0018,0.0025,0.0009,0.0019,0.0027,0.007,0.004,0.0029,0.0044,0.0053,0.0042,0.0034,0.0054,0.0147,0.0048,0.008,0.0073,0.0066,0.0082,0.014
paired,0,43000,46.697861613705754,46.87699508399237,0.6445605754852295,0.797260046005249,4,0.264,0.736,0.0145,0.0063,0.0067,0.0075,0.0075,0.007,0.0192,0.006,0.0023,0.0019,0.0025,0.0023,0.0031,0.0038,0.0051,0.0019,0.0028,0.0016,0.0023,0.004,0.0051,0.0056,0.0022,0.0024,0.0026,0.0024,0.0035,0.0061,0.0056,0.0017,0.0019,0.0012,0.0019,0.0026,0.006,0.0055,0.004,0.0065,0.0067,0.0053,0.0048,0.0054,0.0171,0.0046,0.0081,0.0082,0.0062,0.0074,0.0151
paired,0,44000,47.77817282592878,47.961693958961405,0.6316215395927429,0.8040632605552673,4,0.2773,0.7227,0.0149,0.0063,0.0073,0.0076,0.0079,0.0069,0.0188,0.0063,0.0022,0.0025,0.0022,0.0028,0.0037,0.0035,0.0054,0.0022,0.0033,0.0017,0.0029,0.0047,0.0064,0.007,0.0021,0.0027,0.0031,0.0027,0.0034,0.0073,0.0054,0.0021,0.0022,0.0015,0.0017,0.0028,0.0057,0.006,0.0044,0.0064,0.0066,0.0052,0.0073,0.0064,0.0186,0.0044,0.0085,0.0079,0.0056,0.0062,0.0146
paired,0,45000,48.83815345808398,49.025826542056166,0.6166037321090698,0.7972381711006165,4,0.2689999999999999,0.7310000000000001,0.0156,0.0062,0.0071,0.0077,0.0073,0.0062,0.0173,0.0083,0.0025,0.0024,0.002,0.0026,0.004,0.0064,0.0055,0.0019,0.0021,0.0023,0.0021,0.0045,0.0066,0.0058,0.0023,0.0037,0.0022,0.0028,0.0043,0.0072,0.0047,0.0022,0.0022,0.0012,0.0012,0.0037,0.0069,0.0036,0.0034,0.0062,0.0068,0.0045,0.0019,0.0045,0.0191,0.0061,0.0089,0.0081,0.0055,0.0055,0.0139
paired,0,46000,49.9148904196918,50.106823625043035,0.6136469841003418,0.8148191571235657,4,0.27480000000000004,0.7252,0.0149,0.0063,0.0068,0.0084,0.0077,0.0085,0.0195,0.0064,0.0018,0.0019,0.0028,0.0025,0.0041,0.0033,0.0047,0.0019,0.0034,0.0022,0.0023,0.0048,0.0056,0.0066,0.0019,0.0028,0.0022,0.003,0.0041,0.0059,0.0048,0.0012,0.0029,0.001,0.0017,0.003,0.0063,0.0035,0.0041,0.0074,0.0077,0.0058,0.0052,0.0045,0.0179,0.0056,0.0089,0.008,0.0054,0.0075,0.0161
paired,0,47000,51.01708893093746,51.21297654195223,0.6146599054336548,0.8156698942184448,4,0.2851999999999999,0.7148,0.0155,0.0068,0.007,0.008,0.0084,0.0069,0.0184,0.0074,0.0022,0.0018,0.0024,0.0032,0.0038,0.004,0.0059,0.0024,0.004,0.002,0.0022,0.0054,0.0063,0.0072,0.0022,0.0029,0.0028,0.0025,0.0053,0.0074,0.0047,0.002,0.0026,0.0011,0.0019,0.0026,0.007,0.0043,0.006,0.0073,0.007,0.0054,0.0051,0.0048,0.0186,0.005,0.009,0.0079,0.006,0.0069,0.0157
paired,0,48000,52.11778028064873,52.3176926249871,0.6156491041183472,0.8166468143463135,4,0.2823,0.7177,0.0163,0.0078,0.0073,0.008,0.0082,0.0052,0.0191,0.0075,0.0026,0.0014,0.0028,0.0025,0.0025,0.0052,0.0049,0.002,0.0037,0.002,0.003,0.0059,0.0087,0.0075,0.0025,0.0029,0.0031,0.0024,0.0055,0.0082,0.0042,0.002,0.0028,0.0011,0.0015,0.0028,0.0064,0.0025,0.0054,0.0082,0.0066,0.0056,0.0022,0.0049,0.0184,0.0058,0.0083,0.0082,0.0056,0.0055,0.0156
paired,0,49000,53.179175581084564,53.38306683395058,0.598376452922821,0.8341550827026367,4,0.28580000000000005,0.7142,0.016,0.0078,0.0081,0.008,0.0088,0.0076,0.0193,0.0075,0.0024,0.0016,0.0026,0.0026,0.0037,0.0051,0.0055,0.0022,0.0035,0.0016,0.0025,0.0054,0.0092,0.0072,0.002,0.0026,0.0033,0.0026,0.0056,0.0071,0.0053,0.002,0.0025,0.001,0.0013,0.0038,0.0062,0.0044,0.0064,0.0077,0.0058,0.0049,0.0087,0.0053,0.0171,0.0047,0.0079,0.0073,0.0054,0.0063,0.0104
paired,0,50000,54.25561040895991,54.46342399995774,0.6113555431365967,0.8414240479469299,4,0.2861,0.7139,0.0118,0.0053,0.007,0.0069,0.0079,0.0066,0.0196,0.0089,0.0025,0.0015,0.0024,0.0026,0.0039,0.0045,0.0049,0.002,0.0036,0.0021,0.0024,0.0058,0.0086,0.007,0.0026,0.0038,0.0029,0.0021,0.0059,0.0074,0.0066,0.0017,0.0028,0.001,0.0015,0.0036,0.0064,0.003,0.005,0.0074,0.0061,0.0047,0.0071,0.0051,0.0184,0.0064,0.0096,0.0086,0.0061,0.0065,0.016
paired,0,51000,55.473959595896304,55.68830179201905,0.5914081335067749,0.851849377155304,5,0.3004,0.7002918367346939,0.0146,0.0073,0.0074,0.007,0.0079,0.0095,0.0211,0.0062,0.0021,0.0019,0.0026,0.0022,0.0044,0.0049,0.006,0.0016,0.0037,0.0022,0.0024,0.0065,0.0104,0.0072,0.0031,0.0031,0.0037,0.0029,0.0063,0.0074,0.005,0.0022,0.0027,0.001,0.0012,0.0033,0.0062,0.0057,0.0072,0.0074,0.0065,0.0056,0.0055,0.0039,0.0197,0.0066,0.0098,0.0081,0.0061,0.004,0.0171
paired,0,52000,56.68361158797052,56.902076167054474,0.5859507918357849,0.8585662245750427,6,0.3093,0.6907918367346939,0.0175,0.0082,0.0078,0.0079,0.0075,0.0054,0.0204,0.0064,0.0028,0.0014,0.0024,0.0022,0.0034,0.0042,0.0065,0.0023,0.0031,0.0022,0.0025,0.0068,0.01,0.008,0.0033,0.0028,0.0036,0.003,0.0067,0.0079,0.0058,0.0022,0.0024,0.0009,0.0013,0.0047,0.0071,0.0047,0.0076,0.0081,0.0069,0.0057,0.0073,0.0048,0.0205,0.007,0.0102,0.0084,0.0055,0.0053,0.0167
paired,0,53000,57.92738388769794,58.15018408396281,0.5803763270378113,0.8624025583267212,5,0.3178000000000001,0.6829918367346938,0.0181,0.0086,0.0082,0.008,0.0082,0.0057,0.0212,0.0086,0.0027,0.0017,0.0026,0.0021,0.0052,0.0047,0.0053,0.0027,0.0036,0.0022,0.0024,0.0061,0.0092,0.0077,0.0029,0.0026,0.0032,0.0032,0.0067,0.0081,0.0073,0.0028,0.0019,0.0011,0.0012,0.0049,0.0074,0.0033,0.0056,0.0077,0.0071,0.0049,0.0089,0.0043,0.0198,0.0064,0.0101,0.0082,0.006,0.0099,0.0175
paired,0,54000,59.370651007280685,59.599139583995566,0.5831852555274963,0.900740385055542,7,0.32309999999999994,0.6773918367346938,0.0168,0.0069,0.0078,0.0071,0.0072,0.0094,0.0209,0.0064,0.0028,0.001,0.0027,0.0026,0.0061,0.0041,0.0066,0.0027,0.0035,0.0017,0.0024,0.0071,0.0092,0.008,0.0035,0.0026,0.0026,0.0028,0.0077,0.0078,0.0057,0.0026,0.0019,0.0008,0.0013,0.0044,0.0075,0.0064,0.01,0.008,0.0068,0.0049,0.0108,0.0047,0.0192,0.0071,0.0104,0.0084,0.0049,0.0092,0.0181
paired,0,55000,60.51076292595826,60.74459424999077,0.57636559009552,0.8725031018257141,7,0.33630000000000004,0.6637918367346938,0.0183,0.0084,0.0085,0.0074,0.008,0.008,0.0205,0.0079,0.0034,0.001,0.0029,0.0025,0.0065,0.0051,0.0061,0.0034,0.003,0.0021,0.0033,0.0084,0.0102,0.0077,0.0036,0.0024,0.0027,0.0031,0.0073,0.008,0.0058,0.0026,0.0016,0.0006,0.0015,0.0052,0.0077,0.0055,0.0089,0.0077,0.0065,0.0053,0.0149,0.0056,0.019,0.0064,0.0098,0.0088,0.005,0.0111,0.0171
paired,0,56000,61.56762203143444,61.80602391704451,0.5891504287719727,0.869659423828125,7,0.33699999999999997,0.663,0.0187,0.0097,0.0076,0.0073,0.0078,0.0054,0.0195,0.0067,0.0031,0.0015,0.0024,0.0034,0.0046,0.005,0.0062,0.0033,0.0026,0.0016,0.0031,0.0086,0.0108,0.0076,0.0037,0.0027,0.0035,0.003,0.008,0.0089,0.007,0.0027,0.0018,0.0005,0.0013,0.006,0.0072,0.0059,0.0103,0.007,0.0063,0.0051,0.0145,0.0061,0.0198,0.0075,0.0098,0.0091,0.0047,0.0094,0.0187
paired,0,57000,62.65870243648533,62.90120158402715,0.5695144534111023,0.9084367752075195,8,0.35420000000000007,0.6471918367346938,0.0178,0.0101,0.008,0.008,0.0078,0.0109,0.0218,0.0071,0.004,0.0015,0.0034,0.0025,0.007,0.0051,0.0055,0.0035,0.0032,0.0024,0.0025,0.0081,0.0096,0.0081,0.004,0.0033,0.0031,0.0029,0.0077,0.0089,0.0061,0.0029,0.0018,0.0009,0.0016,0.0055,0.0064,0.0066,0.0094,0.0075,0.0062,0.005,0.0148,0.0094,0.0192,0.0076,0.0097,0.009,0.0057,0.0129,0.0182
paired,0,58000,63.733824806055054,63.98039008397609,0.5704623460769653,0.9144092798233032,9,0.3538,0.6471836734693877,0.0198,0.0115,0.007,0.0077,0.0081,0.0073,0.0212,0.0077,0.0041,0.0021,0.0027,0.0024,0.0065,0.0049,0.0059,0.0047,0.0027,0.0021,0.0025,0.0084,0.0078,0.0084,0.0049,0.0032,0.0034,0.003,0.0079,0.0092,0.0065,0.0026,0.002,0.0008,0.0011,0.0055,0.0059,0.006,0.0107,0.0065,0.007,0.0048,0.0148,0.008,0.0206,0.0093,0.0103,0.0091,0.0051,0.0108,0.0193
paired,0,59000,64.77817334991414,65.0288518749876,0.5697278380393982,0.9219988584518433,8,0.33440000000000003,0.6656,0.0201,0.0112,0.0076,0.0083,0.0078,0.011,0.0121,0.008,0.0059,0.0016,0.0028,0.0023,0.0088,0.0052,0.0061,0.0053,0.0029,0.0022,0.0021,0.0073,0.006,0.0081,0.0053,0.0031,0.003,0.0031,0.0068,0.0066,0.0064,0.0027,0.0014,0.0008,0.0012,0.0061,0.0074,0.0071,0.0109,0.0064,0.0071,0.0039,0.011,0.0036,0.0198,0.0097,0.0094,0.0083,0.0046,0.0078,0.0182
paired,0,60000,65.83602745307144,66.09088375000283,0.5667612552642822,0.938066840171814,8,0.364,0.6371918367346938,0.0199,0.0125,0.0076,0.0078,0.0075,0.0092,0.0216,0.009,0.007,0.0017,0.0031,0.003,0.008,0.0058,0.0055,0.0058,0.0023,0.0021,0.0024,0.0089,0.0097,0.0086,0.0056,0.0037,0.0032,0.0036,0.008,0.0097,0.0062,0.0031,0.0013,0.0009,0.0009,0.0053,0.0068,0.0047,0.0119,0.0069,0.0072,0.0045,0.0148,0.0077,0.0191,0.0087,0.0084,0.008,0.0045,0.0102,0.0201
paired,0,61000,66.97098886966705,67.23027420905419,0.5593696236610413,0.9157177209854126,10,0.36440000000000006,0.6362918367346938,0.0189,0.0102,0.0074,0.0071,0.0077,0.0142,0.0211,0.0072,0.0059,0.0012,0.0037,0.0022,0.0092,0.005,0.005,0.0051,0.0026,0.0023,0.0024,0.0079,0.0065,0.0079,0.0066,0.003,0.0034,0.0031,0.0093,0.0092,0.006,0.0029,0.0014,0.0008,0.0014,0.0055,0.006,0.0072,0.0142,0.0065,0.0071,0.0043,0.0169,0.0103,0.0189,0.0112,0.0085,0.0078,0.0043,0.0085,0.0194
paired,0,62000,68.0281454087235,68.2922596669523,0.5620923042297363,0.9266244769096375,9,0.3758,0.6268836734693877,0.0193,0.0136,0.007,0.0071,0.0068,0.0067,0.0228,0.0095,0.0081,0.0012,0.0032,0.0034,0.0073,0.0053,0.004,0.0066,0.0031,0.0021,0.0022,0.0086,0.0091,0.0086,0.0072,0.0033,0.0035,0.0038,0.0093,0.0104,0.0054,0.0039,0.0014,0.001,0.0009,0.006,0.0061,0.0077,0.0158,0.0067,0.0073,0.0041,0.0154,0.0131,0.0186,0.0099,0.0083,0.008,0.0042,0.0082,0.0207
paired,0,63000,69.10822356399149,69.37689758394845,0.5644515752792358,0.9520153999328613,11,0.3789,0.6232836734693877,0.0176,0.015,0.0072,0.0072,0.0073,0.0105,0.022,0.0092,0.0092,0.0011,0.0034,0.0031,0.0097,0.0061,0.0047,0.0061,0.0031,0.0025,0.0016,0.0083,0.0094,0.0088,0.0082,0.0037,0.0027,0.0035,0.0081,0.0102,0.0052,0.0042,0.0011,0.0007,0.0011,0.0057,0.0064,0.0053,0.0163,0.0062,0.0067,0.0044,0.0152,0.01,0.0186,0.0128,0.0081,0.0079,0.004,0.0085,0.021
paired,0,64000,70.17876419075765,70.4526642919518,0.5286862850189209,0.9261273145675659,11,0.39480000000000004,0.6063836734693877,0.0201,0.0148,0.0074,0.0065,0.0063,0.01,0.0203,0.0085,0.0094,0.0014,0.0034,0.0032,0.0099,0.0065,0.0056,0.0067,0.0024,0.0025,0.0019,0.0082,0.0056,0.0087,0.0084,0.0034,0.0032,0.0038,0.0093,0.0089,0.0052,0.0036,0.0008,0.0006,0.0008,0.0059,0.0056,0.0171,0.0193,0.0061,0.0073,0.0047,0.0157,0.01,0.0208,0.0169,0.0085,0.0081,0.0034,0.0069,0.0212
paired,0,65000,71.303900319268,71.58242362504825,0.5622279644012451,0.9484494924545288,12,0.4121,0.5928755102040816,0.0203,0.0154,0.007,0.0087,0.0087,0.0102,0.0243,0.0072,0.0078,0.0016,0.0043,0.0046,0.0087,0.006,0.0053,0.0066,0.0025,0.0026,0.0023,0.0081,0.0085,0.0088,0.0079,0.0041,0.0028,0.004,0.0098,0.0103,0.0054,0.0031,0.0008,0.0005,0.0014,0.0057,0.0061,0.0169,0.019,0.0061,0.0082,0.0048,0.0168,0.0141,0.0205,0.0131,0.0083,0.0082,0.0038,0.0095,0.0214
paired,0,66000,72.39589091599919,72.67877512495033,0.5494077205657959,0.971060574054718,10,0.38360000000000005,0.6174918367346938,0.0204,0.0164,0.006,0.0074,0.0086,0.0073,0.0215,0.0066,0.0084,0.0021,0.004,0.0039,0.0071,0.0038,0.0054,0.0074,0.0021,0.0023,0.0022,0.0074,0.0091,0.0098,0.0085,0.0035,0.0027,0.0027,0.0087,0.007,0.0056,0.0039,0.0008,0.0006,0.0019,0.0065,0.0054,0.0169,0.0192,0.0053,0.0067,0.0043,0.0175,0.0162,0.0202,0.0053,0.0063,0.0074,0.0031,0.0112,0.017
paired,0,67000,73.46523726172745,73.75263799994718,0.5526008605957031,1.0126389265060425,15,0.4185,0.5839591836734694,0.0207,0.0171,0.0065,0.0073,0.0089,0.0069,0.0208,0.0138,0.0127,0.0025,0.0049,0.0052,0.0084,0.0051,0.0046,0.0061,0.0024,0.0024,0.0022,0.0088,0.0089,0.0102,0.01,0.0037,0.0044,0.0041,0.0108,0.0095,0.0052,0.0036,0.0006,0.0005,0.0013,0.0053,0.0048,0.0154,0.0214,0.006,0.0084,0.0037,0.0159,0.0146,0.0209,0.0163,0.0076,0.0085,0.0037,0.0052,0.0207
paired,0,68000,74.52431729552336,74.81672220898326,0.5570799112319946,0.9783684015274048,17,0.42379999999999995,0.5780673469387755,0.0184,0.0108,0.0064,0.0075,0.0086,0.0112,0.0216,0.0109,0.0114,0.0023,0.0062,0.0061,0.0134,0.0081,0.0042,0.0063,0.0024,0.002,0.0024,0.0089,0.005,0.0108,0.0107,0.0041,0.0037,0.0044,0.011,0.0099,0.0055,0.004,0.0014,0.0005,0.0018,0.0054,0.0049,0.0182,0.0205,0.0061,0.008,0.0045,0.0166,0.0151,0.0206,0.0154,0.0077,0.0082,0.0039,0.006,0.0208
paired,0,69000,75.60876603447832,75.90576358395629,0.5406272411346436,0.9514960646629333,17,0.4385,0.5651755102040816,0.0184,0.0141,0.0063,0.0071,0.0069,0.0105,0.0217,0.0179,0.0158,0.0029,0.0062,0.0058,0.0145,0.009,0.0042,0.0067,0.0021,0.0024,0.0022,0.0085,0.007,0.011,0.0121,0.0046,0.0042,0.0039,0.0116,0.0116,0.0055,0.0045,0.0004,0.0006,0.0017,0.0055,0.0046,0.0164,0.0215,0.0059,0.0084,0.0037,0.0164,0.016,0.0196,0.0097,0.0079,0.008,0.0035,0.0078,0.0217
paired,0,70000,76.66089307074435,76.96312333398964,0.5579664707183838,0.9676480889320374,17,0.4567,0.5494673469387754,0.0186,0.018,0.0049,0.0076,0.0075,0.0071,0.0221,0.0179,0.0163,0.0036,0.006,0.0065,0.0145,0.0127,0.0051,0.0084,0.0024,0.0025,0.0023,0.0093,0.0057,0.0117,0.0126,0.0044,0.0044,0.0044,0.0126,0.0117,0.0049,0.0039,0.0008,0.0011,0.0018,0.0053,0.0052,0.0198,0.0232,0.0059,0.0086,0.0045,0.0182,0.016,0.0208,0.0051,0.0087,0.0081,0.0038,0.0085,0.0217
paired,0,71000,77.73770984623116,78.04476745903958,0.5643792152404785,0.9574428796768188,18,0.4727,0.5335591836734693,0.0191,0.0168,0.0056,0.0082,0.0085,0.01,0.0217,0.0188,0.0163,0.0032,0.0064,0.0072,0.0157,0.013,0.005,0.0086,0.0029,0.0028,0.0025,0.0085,0.0062,0.0127,0.0126,0.0045,0.0045,0.0045,0.0134,0.0129,0.0052,0.0041,0.0006,0.0007,0.0017,0.0055,0.0054,0.0211,0.0235,0.0059,0.0087,0.0038,0.0172,0.0173,0.0211,0.0091,0.0091,0.0082,0.0038,0.0077,0.0209
paired,0,72000,78.86281354725361,79.17454037501011,0.5415731072425842,0.9577794671058655,18,0.475,0.5293673469387755,0.0201,0.0168,0.0054,0.0078,0.0083,0.0099,0.0218,0.0199,0.0158,0.0029,0.0065,0.0064,0.0161,0.0141,0.0045,0.0084,0.0027,0.0029,0.0023,0.0092,0.0058,0.0144,0.0135,0.0043,0.0039,0.0054,0.0151,0.0142,0.0048,0.0049,0.0008,0.0005,0.0018,0.0061,0.0048,0.0209,0.0224,0.0055,0.0077,0.0046,0.0189,0.0177,0.0203,0.0034,0.0081,0.0079,0.0042,0.0104,0.0209
paired,0,73000,79.93740620696917,80.25406908395234,0.5780986547470093,0.9874569773674011,18,0.484,0.5222591836734694,0.0204,0.0172,0.0052,0.0079,0.008,0.0095,0.021,0.0198,0.0168,0.0035,0.0067,0.0062,0.0161,0.015,0.0049,0.0089,0.0031,0.0028,0.0023,0.009,0.0064,0.0136,0.0134,0.0048,0.0051,0.0049,0.015,0.0145,0.0048,0.0045,0.0002,0.0007,0.0016,0.0056,0.0048,0.0219,0.0229,0.0058,0.0086,0.0045,0.0183,0.0186,0.0213,0.0049,0.0092,0.0078,0.0041,0.0107,0.0212
paired,0,74000,81.0080685056746,81.32897833397146,0.5770169496536255,0.9723302721977234,19,0.48960000000000004,0.5148673469387754,0.02,0.0171,0.0061,0.0082,0.0083,0.0122,0.0204,0.0204,0.0162,0.0041,0.0075,0.0061,0.019,0.0158,0.0051,0.0086,0.0023,0.0031,0.0021,0.0091,0.0054,0.0152,0.0147,0.0057,0.0054,0.0053,0.0165,0.0147,0.0049,0.0046,0.0006,0.0007,0.0015,0.0052,0.0049,0.0218,0.0211,0.0054,0.0074,0.0041,0.0178,0.0182,0.0214,0.002,0.0081,0.0088,0.0046,0.0101,0.0218
paired,0,75000,82.08542769111227,82.41080066701397,0.5597944259643555,0.9983930587768555,18,0.4807,0.528042857142857,0.0206,0.0158,0.0053,0.0069,0.0045,0.0105,0.0212,0.0208,0.0161,0.0038,0.0061,0.0059,0.0166,0.0159,0.0055,0.0084,0.0028,0.0025,0.0023,0.0093,0.0061,0.0155,0.0155,0.0054,0.0058,0.0048,0.0167,0.0163,0.0051,0.0049,0.0003,0.0007,0.0011,0.005,0.0042,0.0228,0.0224,0.0049,0.0073,0.0035,0.0167,0.0182,0.0226,0.0053,0.0082,0.0088,0.0039,0.0067,0.0212
paired,0,76000,83.20010674593505,83.53237262496259,0.5531848669052124,0.9693872928619385,20,0.5035000000000001,0.5068510204081632,0.0181,0.0162,0.0061,0.0079,0.01,0.0129,0.0214,0.0208,0.0178,0.0041,0.0066,0.0067,0.0172,0.0141,0.0057,0.0095,0.0026,0.0029,0.0025,0.0079,0.0056,0.0153,0.0152,0.0051,0.0053,0.0058,0.017,0.0166,0.0049,0.0041,0.0004,0.0004,0.0017,0.0046,0.0046,0.023,0.0234,0.0055,0.0081,0.0048,0.0188,0.0194,0.0207,0.0028,0.0082,0.0089,0.0048,0.014,0.0235
paired,0,77000,84.27284073980991,84.61000149999745,0.5440493226051331,1.0146106481552124,20,0.5166999999999999,0.4923591836734694,0.0201,0.016,0.0063,0.0088,0.01,0.0123,0.0214,0.022,0.017,0.0045,0.0078,0.0072,0.0179,0.0159,0.0054,0.0098,0.0026,0.0031,0.0029,0.0098,0.0078,0.016,0.0163,0.0057,0.0055,0.0064,0.0176,0.0167,0.0042,0.0046,0.0004,0.0004,0.0017,0.0048,0.0051,0.0232,0.0231,0.0062,0.0084,0.0044,0.0193,0.0196,0.0201,0.0021,0.0082,0.0092,0.0049,0.0126,0.0214
paired,0,78000,85.34772016049828,85.68951495899819,0.5472147464752197,0.9755561351776123,19,0.5118,0.5026510204081632,0.0212,0.0166,0.0053,0.0075,0.0078,0.0094,0.022,0.0227,0.0177,0.005,0.0069,0.0073,0.018,0.0169,0.0059,0.0104,0.0031,0.0036,0.0027,0.01,0.0069,0.0163,0.0176,0.0062,0.0061,0.0054,0.0174,0.0168,0.0041,0.0054,0.0004,0.0003,0.0014,0.0049,0.0041,0.0239,0.025,0.0057,0.0083,0.0032,0.0184,0.0195,0.0201,0.0043,0.0076,0.008,0.0037,0.0087,0.0221
paired,0,79000,86.43667479674332,86.78380229196046,0.5543628931045532,1.0452810525894165,19,0.5064,0.5076428571428572,0.022,0.0177,0.0059,0.0085,0.0091,0.0081,0.0209,0.0218,0.0177,0.0042,0.0064,0.0067,0.0157,0.0154,0.0065,0.0109,0.0034,0.0034,0.0029,0.0104,0.0076,0.016,0.0176,0.0055,0.0056,0.0047,0.017,0.0169,0.0041,0.0051,0.0003,0.0004,0.0011,0.004,0.004,0.024,0.0251,0.0057,0.0086,0.0031,0.0175,0.0198,0.0214,0.0044,0.0081,0.0087,0.0043,0.0065,0.0217
paired,0,80000,87.51356617466081,87.86565066699404,0.5342140197753906,0.9782328605651855,21,0.5299,0.4840428571428571,0.0205,0.018,0.0053,0.0084,0.0102,0.0143,0.0219,0.0218,0.0181,0.0044,0.0074,0.0074,0.0177,0.0159,0.0079,0.012,0.0033,0.0042,0.003,0.0119,0.0075,0.0162,0.0168,0.0059,0.0059,0.0056,0.0176,0.0171,0.0041,0.0043,0.0007,0.0005,0.0013,0.0044,0.0044,0.0243,0.0248,0.0054,0.0082,0.004,0.0187,0.0203,0.0213,0.0063,0.0081,0.0081,0.0051,0.0072,0.0222
paired,0,81000,88.5927464729175,88.94973424996715,0.5548027157783508,0.9831308126449585,20,0.5315000000000001,0.4830428571428571,0.0212,0.0167,0.0064,0.0079,0.0093,0.0151,0.0224,0.0223,0.0171,0.0045,0.0067,0.0073,0.0186,0.0164,0.0086,0.0126,0.0032,0.0039,0.0033,0.0129,0.0089,0.0169,0.0167,0.0058,0.0061,0.0066,0.0178,0.017,0.0041,0.004,0.0005,0.0004,0.0013,0.0046,0.0035,0.0242,0.0242,0.0056,0.0071,0.0038,0.0191,0.0201,0.0215,0.0046,0.0086,0.0087,0.0054,0.0064,0.0216
paired,0,82000,89.65064360259566,90.01519062498119,0.5480238795280457,1.0467029809951782,21,0.5342,0.48083469387755096,0.0208,0.0162,0.0066,0.0077,0.0097,0.0146,0.022,0.022,0.0166,0.0045,0.0068,0.0067,0.0182,0.0165,0.0088,0.0129,0.0033,0.0048,0.0034,0.013,0.0112,0.0169,0.0161,0.006,0.0064,0.0066,0.0176,0.0175,0.0039,0.0044,0.0005,0.0006,0.0012,0.0042,0.0039,0.024,0.0245,0.0052,0.0082,0.0041,0.0189,0.0206,0.022,0.004,0.0081,0.0084,0.0055,0.0062,0.0224
paired,0,83000,90.74534307688009,91.1147598340176,0.5519821643829346,1.0494873523712158,21,0.5293,0.48533469387755096,0.0209,0.0167,0.0061,0.0083,0.0097,0.0133,0.0214,0.0228,0.0167,0.0042,0.0071,0.0068,0.0176,0.016,0.0093,0.0132,0.003,0.0042,0.0036,0.0138,0.0107,0.0163,0.0153,0.0056,0.0062,0.0056,0.018,0.017,0.0041,0.0039,0.0004,0.0005,0.0013,0.0034,0.0042,0.0249,0.0229,0.004,0.0069,0.0039,0.0198,0.0207,0.022,0.0031,0.0075,0.0093,0.0052,0.0096,0.0223
paired,0,84000,91.82516166137066,92.1992634589551,0.559768795967102,1.023644208908081,23,0.5472999999999999,0.4655265306122449,0.0213,0.0181,0.0064,0.008,0.0098,0.0131,0.021,0.0215,0.0176,0.0046,0.0068,0.0072,0.0171,0.016,0.0108,0.0152,0.0045,0.0053,0.0037,0.0145,0.0132,0.0169,0.0167,0.006,0.0063,0.0058,0.0184,0.0171,0.0037,0.0041,0.0005,0.0002,0.0012,0.0042,0.0039,0.0244,0.0239,0.0064,0.0078,0.0044,0.0206,0.0212,0.0209,0.0019,0.0082,0.0089,0.0051,0.0112,0.0217
paired,0,85000,92.91044295800384,93.28947708394844,0.5746129155158997,1.0136808156967163,21,0.5323,0.48274285714285714,0.0218,0.0174,0.0057,0.0079,0.0066,0.0083,0.0196,0.0217,0.0174,0.0041,0.0072,0.0065,0.0161,0.0152,0.0112,0.0161,0.0041,0.0052,0.0046,0.0152,0.0143,0.0171,0.0165,0.0062,0.0061,0.0058,0.0175,0.0167,0.0038,0.0038,0.0004,0.0005,0.0011,0.0035,0.0033,0.0245,0.0249,0.0053,0.0086,0.0046,0.0197,0.0209,0.0213,0.0028,0.0076,0.008,0.0035,0.0093,0.0228
paired,0,86000,94.00736807915382,94.39207149995491,0.5479863882064819,1.0490379333496094,24,0.5569999999999999,0.460534693877551,0.0213,0.0178,0.0065,0.0077,0.0106,0.015,0.0225,0.0208,0.0168,0.0041,0.0065,0.0074,0.0171,0.0171,0.0121,0.0168,0.0043,0.0053,0.0051,0.0148,0.0146,0.0169,0.0165,0.0058,0.0058,0.0059,0.0175,0.018,0.0039,0.0033,0.0004,0.0003,0.0013,0.0032,0.0039,0.0245,0.0248,0.0058,0.008,0.0049,0.0204,0.0218,0.0218,0.0022,0.0083,0.0089,0.0048,0.0106,0.0233
paired,0,87000,95.114190883236,95.50345595902763,0.5579734444618225,0.9994818568229675,23,0.5375,0.48044285714285717,0.0164,0.0189,0.0055,0.0082,0.01,0.011,0.0222,0.0206,0.0178,0.004,0.0066,0.0067,0.0158,0.0167,0.0104,0.0168,0.0043,0.0052,0.0045,0.0146,0.0155,0.0143,0.0166,0.0057,0.0056,0.0046,0.0169,0.0173,0.0033,0.0038,0.0003,0.0003,0.001,0.0033,0.0037,0.0245,0.0264,0.0059,0.0089,0.004,0.0189,0.0223,0.0214,0.0054,0.0082,0.009,0.0058,0.005,0.0234
paired,0,88000,96.19295436202083,96.58700049994513,0.5576493144035339,1.0256094932556152,22,0.5549,0.465734693877551,0.0217,0.0184,0.0061,0.0081,0.0095,0.0129,0.0229,0.0219,0.0173,0.0044,0.0064,0.0072,0.0162,0.0175,0.0125,0.0179,0.0045,0.0052,0.0045,0.0151,0.0156,0.017,0.0168,0.0058,0.0053,0.0054,0.0177,0.0184,0.0039,0.0038,0.0005,0.0002,0.0009,0.0034,0.0032,0.0252,0.0259,0.0056,0.0087,0.0044,0.0191,0.0208,0.0221,0.0037,0.0084,0.0089,0.0068,0.0038,0.0234
paired,0,89000,97.27246125158854,97.671428291942,0.5563910007476807,1.0753004550933838,23,0.5630999999999999,0.45704285714285714,0.0199,0.0176,0.0059,0.0077,0.01,0.014,0.0221,0.0221,0.0182,0.005,0.0071,0.0072,0.0179,0.018,0.013,0.0185,0.0043,0.0052,0.0048,0.0155,0.0165,0.017,0.0164,0.006,0.006,0.0056,0.0173,0.0178,0.0041,0.0039,0.0004,0.0003,0.0009,0.0033,0.0033,0.0254,0.0253,0.0053,0.0089,0.0046,0.0195,0.0212,0.0226,0.0025,0.0085,0.0095,0.0051,0.0076,0.0243
paired,0,90000,98.34517838794272,98.74956937495153,0.5856019258499146,1.0346827507019043,23,0.5655000000000001,0.45314285714285707,0.0204,0.017,0.0062,0.008,0.0106,0.014,0.0221,0.022,0.0178,0.0056,0.0071,0.007,0.0174,0.0175,0.0132,0.0186,0.0051,0.0057,0.0053,0.016,0.0165,0.0174,0.0164,0.0059,0.0056,0.0054,0.0178,0.0179,0.0036,0.0033,0.0003,0.0003,0.0009,0.0029,0.0038,0.0246,0.0251,0.0058,0.009,0.0048,0.0204,0.0216,0.0226,0.0023,0.009,0.0093,0.0059,0.007,0.0235
paired,0,91000,99.47735150891822,99.88698758394457,0.5541336536407471,1.0602011680603027,23,0.5728,0.4526265306122449,0.0214,0.0181,0.0061,0.0078,0.0096,0.013,0.0235,0.0231,0.0174,0.005,0.0067,0.0072,0.0169,0.018,0.0136,0.0189,0.0048,0.0057,0.0049,0.0159,0.0171,0.0173,0.0168,0.005,0.0053,0.0061,0.0186,0.0189,0.0035,0.0035,0.0007,0.0001,0.0008,0.0029,0.0035,0.0261,0.0255,0.0059,0.0085,0.0051,0.0208,0.0217,0.0224,0.0018,0.0098,0.0102,0.005,0.0077,0.0246
paired,0,92000,100.54245917173102,100.95701220899355,0.5631324052810669,1.0425834655761719,23,0.5757000000000001,0.4479346938775509,0.0196,0.0172,0.0055,0.0075,0.0102,0.0133,0.0225,0.0226,0.0174,0.005,0.0064,0.0074,0.0177,0.0187,0.0135,0.0193,0.0042,0.0056,0.005,0.0163,0.0169,0.0182,0.0174,0.0055,0.0059,0.006,0.0182,0.0184,0.0037,0.0038,0.0005,0.0002,0.0006,0.0026,0.0036,0.026,0.0268,0.0058,0.0086,0.0043,0.0214,0.0218,0.0227,0.0088,0.0086,0.0091,0.0064,0.0059,0.0231
paired,0,93000,101.61920987383928,102.03842616698239,0.5645788908004761,1.043508768081665,22,0.579,0.4442265306122449,0.021,0.018,0.0061,0.0077,0.0089,0.0131,0.0222,0.0227,0.018,0.0051,0.007,0.0072,0.0179,0.0191,0.0139,0.0198,0.0049,0.0055,0.0054,0.0175,0.0177,0.0184,0.0178,0.0055,0.0057,0.0055,0.0181,0.0186,0.0035,0.0039,0.0006,0.0002,0.0006,0.0034,0.0035,0.0256,0.0276,0.0063,0.0081,0.0037,0.0209,0.0216,0.023,0.0063,0.0091,0.0094,0.0075,0.0036,0.0223
paired,0,94000,102.74446647276636,103.16859012504574,0.5552002191543579,1.0594508647918701,24,0.5792999999999999,0.4436265306122449,0.021,0.0182,0.0058,0.0077,0.0098,0.0132,0.0219,0.0224,0.0176,0.0051,0.0067,0.0076,0.0189,0.0187,0.0141,0.02,0.0046,0.0056,0.0049,0.0173,0.0173,0.018,0.0178,0.0054,0.0055,0.0052,0.0184,0.0174,0.003,0.0032,0.0004,0.0003,0.0007,0.003,0.0029,0.0255,0.0275,0.0066,0.0086,0.0036,0.0216,0.0221,0.0229,0.0112,0.008,0.0088,0.0102,0.0014,0.0217
paired,0,95000,103.84971018694341,104.2786407090025,0.5372301936149597,1.0785634517669678,22,0.5832999999999999,0.441234693877551,0.0213,0.0181,0.0064,0.0078,0.0098,0.0149,0.0224,0.0195,0.0171,0.0049,0.0063,0.0069,0.0185,0.0184,0.014,0.02,0.0044,0.0051,0.0058,0.018,0.018,0.0181,0.0171,0.0054,0.0051,0.005,0.019,0.018,0.0035,0.0037,0.0005,0.0004,0.0005,0.0035,0.0032,0.0265,0.0268,0.0068,0.0085,0.0038,0.022,0.0217,0.0243,0.0093,0.0091,0.0099,0.0084,0.0028,0.0228
paired,0,96000,104.97042938321829,105.40432650002185,0.5298609733581543,1.1336452960968018,24,0.5898000000000001,0.4371265306122448,0.0212,0.0183,0.0061,0.0073,0.0097,0.0151,0.0231,0.0223,0.0179,0.0051,0.0061,0.0074,0.0181,0.0191,0.0148,0.0209,0.0044,0.0049,0.0053,0.0181,0.0176,0.0192,0.0181,0.0051,0.005,0.0047,0.0179,0.0182,0.0035,0.0037,0.0003,0.0004,0.0005,0.0029,0.0028,0.0262,0.0276,0.0069,0.0092,0.0035,0.0199,0.0223,0.0245,0.0141,0.0077,0.0089,0.01,0.0014,0.0225
paired,0,97000,106.0537488911068,106.49230712500867,0.5687017440795898,1.0615272521972656,24,0.6073,0.4239183673469388,0.021,0.0179,0.0063,0.0071,0.0091,0.017,0.0229,0.0225,0.0182,0.005,0.0084,0.0082,0.0193,0.0196,0.0157,0.0214,0.0044,0.0054,0.0056,0.0178,0.0175,0.019,0.0175,0.0054,0.0055,0.0054,0.0194,0.0188,0.0032,0.0034,0.0004,0.0004,0.0004,0.0036,0.0036,0.0272,0.0271,0.0065,0.0084,0.0044,0.0219,0.0233,0.0245,0.0121,0.0095,0.0098,0.0103,0.0025,0.0235
paired,0,98000,107.17651936796028,107.62100587494206,0.5423518419265747,1.0229361057281494,23,0.5991,0.4278265306122449,0.0204,0.0187,0.006,0.0077,0.0103,0.0165,0.0219,0.0217,0.0188,0.0053,0.007,0.0076,0.0195,0.019,0.0153,0.0215,0.0047,0.0051,0.0051,0.0192,0.018,0.0188,0.0172,0.0064,0.0058,0.0061,0.0198,0.0184,0.0033,0.0031,0.0002,0.0004,0.0004,0.003,0.0029,0.0267,0.027,0.0067,0.0086,0.004,0.0227,0.0222,0.0242,0.0078,0.0099,0.0096,0.0089,0.003,0.0227
paired,0,99000,108.27390990767162,108.72367016703356,0.5727698802947998,1.073941946029663,25,0.5953999999999999,0.4298265306122449,0.0205,0.0198,0.0061,0.0074,0.0108,0.0155,0.0213,0.0223,0.0195,0.0055,0.0067,0.0074,0.0187,0.0179,0.0147,0.0217,0.0051,0.0047,0.0049,0.0188,0.0174,0.0197,0.0177,0.005,0.0055,0.0046,0.0187,0.0176,0.0037,0.0034,0.0003,0.0005,0.0004,0.0025,0.0026,0.0267,0.0278,0.0073,0.0088,0.0029,0.0191,0.0213,0.0251,0.0142,0.0094,0.0093,0.0109,0.0015,0.0222
paired,0,100000,109.3498220758047,109.8044828750426,0.5651248693466187,1.0466961860656738,23,0.6007,0.42811836734693876,0.0211,0.0198,0.0064,0.0071,0.0103,0.0163,0.0221,0.0228,0.0187,0.0052,0.007,0.0072,0.0192,0.019,0.0138,0.0214,0.0049,0.0056,0.0056,0.0192,0.0186,0.02,0.0176,0.006,0.0052,0.0066,0.0195,0.0183,0.003,0.0036,0.0002,0.0003,0.0003,0.0036,0.0029,0.0261,0.0267,0.0063,0.0086,0.0043,0.0228,0.0226,0.0241,0.007,0.0097,0.0096,0.0092,0.0021,0.0232
paired,0,101000,110.45084804808721,110.91184491699096,0.5685278177261353,1.1268821954727173,23,0.5991,0.4284183673469388,0.0207,0.0179,0.0064,0.0069,0.0094,0.0167,0.021,0.022,0.0189,0.005,0.0078,0.0083,0.0179,0.0198,0.0134,0.0213,0.004,0.0057,0.0052,0.018,0.0181,0.0197,0.0186,0.0058,0.005,0.0065,0.02,0.0192,0.0032,0.0032,0.0004,0.0004,0.0005,0.0031,0.0031,0.0261,0.0281,0.006,0.0082,0.0041,0.0227,0.0228,0.0235,0.0093,0.0102,0.0097,0.0086,0.0033,0.0234
paired,0,102000,111.53092423768248,111.99676754197571,0.5363999605178833,1.0766348838806152,24,0.601,0.43151020408163265,0.0214,0.0188,0.006,0.0072,0.0107,0.0158,0.0241,0.0229,0.0186,0.0051,0.0076,0.0078,0.0175,0.0207,0.0135,0.0206,0.0043,0.0057,0.0056,0.0178,0.0185,0.0202,0.0182,0.0056,0.0052,0.006,0.0193,0.0193,0.0028,0.0024,0.0004,0.0004,0.0005,0.0024,0.0033,0.0264,0.0265,0.0058,0.0087,0.0049,0.0235,0.0233,0.0241,0.004,0.0096,0.0101,0.0063,0.0081,0.0235
paired,0,103000,112.61288737680297,113.08344554202631,0.5735059976577759,1.082039475440979,23,0.6048,0.42811836734693876,0.0215,0.0192,0.0063,0.0072,0.0105,0.0166,0.0239,0.0228,0.0185,0.0046,0.007,0.0074,0.0176,0.0201,0.0138,0.021,0.0045,0.0056,0.0061,0.0181,0.0187,0.0198,0.0171,0.0057,0.0053,0.0059,0.0201,0.0193,0.0027,0.0028,0.0003,0.0003,0.0006,0.0028,0.003,0.0273,0.0274,0.007,0.009,0.0045,0.0229,0.0231,0.0243,0.0088,0.0098,0.0099,0.008,0.0033,0.0228
paired,0,104000,113.69166100106668,114.16692304203752,0.5734666585922241,1.1382570266723633,23,0.5924,0.4370183673469387,0.0213,0.0199,0.0059,0.0064,0.0078,0.017,0.023,0.0227,0.0187,0.0048,0.0066,0.007,0.0185,0.0196,0.0132,0.0207,0.0047,0.0052,0.0052,0.0198,0.0189,0.0192,0.0177,0.0053,0.0051,0.0054,0.0202,0.019,0.0028,0.0027,0.0004,0.0003,0.0006,0.0036,0.003,0.026,0.0268,0.0061,0.0081,0.004,0.0233,0.0228,0.0241,0.0054,0.0099,0.0101,0.0084,0.0024,0.0228
paired,0,105000,114.7942076647887,115.27443141699769,0.557173490524292,1.1622841358184814,25,0.6154,0.4182265306122449,0.0201,0.0187,0.0061,0.0076,0.0093,0.0179,0.0222,0.0234,0.0198,0.0054,0.0071,0.0073,0.0199,0.02,0.0139,0.0215,0.0045,0.0054,0.0058,0.0193,0.0187,0.0198,0.0175,0.006,0.0057,0.0057,0.0197,0.0189,0.0028,0.0031,0.0004,0.0004,0.0004,0.0026,0.0033,0.0277,0.028,0.0066,0.009,0.0042,0.0231,0.0228,0.0249,0.0109,0.011,0.0096,0.0116,0.0021,0.0237
paired,0,106000,115.88086033903528,116.36685595894232,0.5649503469467163,1.0992910861968994,27,0.6173,0.41611836734693874,0.0208,0.0187,0.0058,0.0065,0.0094,0.0183,0.0222,0.0233,0.0193,0.0053,0.0068,0.0078,0.0186,0.0193,0.0138,0.021,0.005,0.005,0.0061,0.0184,0.019,0.0194,0.018,0.006,0.0059,0.0064,0.0187,0.0184,0.0023,0.0033,0.0006,0.0007,0.0005,0.0029,0.0032,0.0279,0.0279,0.0063,0.01,0.0045,0.0221,0.0231,0.025,0.0143,0.0107,0.0101,0.0121,0.0024,0.0242
paired,0,107000,116.95584854960907,117.44672466698103,0.5570106506347656,1.0306670665740967,25,0.6167,0.41721836734693873,0.0207,0.0199,0.0062,0.0067,0.0112,0.0176,0.0227,0.0233,0.0198,0.0057,0.0069,0.0089,0.0195,0.0198,0.0141,0.0214,0.0052,0.0052,0.0064,0.0181,0.0185,0.0191,0.0176,0.0058,0.0057,0.006,0.0199,0.0188,0.0025,0.0028,0.0004,0.0003,0.0005,0.0031,0.0029,0.0282,0.0291,0.0066,0.0085,0.0046,0.0237,0.0222,0.0244,0.0108,0.0097,0.0106,0.0074,0.0054,0.0223
paired,0,108000,118.05439442500938,118.55047424999066,0.5364001989364624,1.1430821418762207,24,0.6192000000000001,0.41801836734693876,0.0221,0.0191,0.0059,0.007,0.0116,0.0187,0.0242,0.024,0.0192,0.0051,0.0065,0.008,0.0193,0.02,0.0145,0.0209,0.005,0.0054,0.0059,0.0183,0.0192,0.0196,0.0175,0.0059,0.0055,0.0056,0.0201,0.0186,0.0031,0.0028,0.0004,0.0003,0.0007,0.0029,0.0028,0.0288,0.0284,0.0063,0.009,0.0041,0.0222,0.0222,0.024,0.014,0.0094,0.0088,0.009,0.0028,0.0245
paired,0,109000,119.15818263962865,119.65951462497469,0.5433989763259888,1.1175607442855835,27,0.6236999999999999,0.4134265306122449,0.0216,0.0183,0.0064,0.007,0.0107,0.0185,0.0246,0.0232,0.0185,0.0049,0.0063,0.0073,0.0185,0.0193,0.0141,0.02,0.0047,0.005,0.0056,0.0182,0.0188,0.0193,0.0173,0.0061,0.0054,0.0064,0.0198,0.0188,0.0026,0.0026,0.0003,0.0002,0.0007,0.0033,0.0033,0.0284,0.0287,0.0067,0.0086,0.0048,0.023,0.0218,0.025,0.0176,0.01,0.01,0.0138,0.0032,0.0245
paired,0,110000,120.22129751555622,120.72800629201811,0.5649510622024536,1.1225035190582275,26,0.6075,0.4270265306122449,0.0221,0.0192,0.0057,0.0061,0.0109,0.0174,0.0233,0.0226,0.0183,0.0044,0.0047,0.0069,0.0188,0.0187,0.0145,0.02,0.0048,0.0046,0.0057,0.0187,0.0189,0.0199,0.0168,0.0058,0.0049,0.0064,0.0196,0.0184,0.0024,0.0019,0.0007,0.0004,0.0004,0.0028,0.0031,0.0278,0.0273,0.006,0.0083,0.0044,0.0225,0.0218,0.0257,0.0127,0.0107,0.0083,0.0131,0.004,0.0251
paired,0,111000,121.2991501832148,121.81161175004672,0.5413872003555298,1.1974536180496216,26,0.6309,0.4092183673469387,0.023,0.0204,0.0074,0.0075,0.0124,0.0182,0.0258,0.0238,0.0196,0.0052,0.0058,0.0083,0.0188,0.0201,0.0144,0.0201,0.0054,0.0052,0.0058,0.0192,0.019,0.0205,0.0187,0.0064,0.0055,0.0062,0.0193,0.0182,0.0028,0.0024,0.0002,0.0004,0.0005,0.0028,0.0039,0.0281,0.0281,0.0064,0.0083,0.0049,0.0231,0.0222,0.0239,0.0122,0.0104,0.0099,0.01,0.0045,0.0257
paired,0,112000,122.3939676306909,122.91246625001077,0.5479717254638672,1.1394364833831787,26,0.6451,0.3931183673469387,0.024,0.0204,0.0078,0.0071,0.0136,0.0178,0.022,0.0247,0.019,0.0057,0.0064,0.0089,0.0198,0.0188,0.015,0.0204,0.005,0.0055,0.0064,0.0198,0.0191,0.0211,0.0186,0.0067,0.0054,0.0064,0.0202,0.0181,0.0029,0.0026,0.0003,0.0006,0.0007,0.0032,0.0036,0.0278,0.0275,0.0072,0.0087,0.0048,0.0232,0.0217,0.0255,0.0186,0.0108,0.0086,0.0148,0.0035,0.0248
paired,0,113000,123.46713061840273,123.99055483401753,0.5357277989387512,1.06703519821167,26,0.6462,0.3951020408163265,0.0221,0.0199,0.007,0.0071,0.012,0.0166,0.0236,0.0252,0.02,0.0062,0.0059,0.0087,0.0192,0.0208,0.0148,0.0208,0.0058,0.0049,0.0061,0.0186,0.0195,0.0211,0.0189,0.0071,0.0053,0.0066,0.0195,0.0196,0.0026,0.0021,0.0003,0.0006,0.0003,0.0031,0.0033,0.0279,0.028,0.0078,0.0081,0.0047,0.0228,0.0222,0.025,0.0192,0.0113,0.009,0.014,0.0043,0.0267
paired,0,114000,124.55556583288126,125.08397404197603,0.5367984175682068,1.152972936630249,26,0.6446000000000001,0.3945102040816326,0.0222,0.0192,0.0067,0.0069,0.0123,0.0168,0.0238,0.0251,0.0197,0.0062,0.0056,0.0088,0.0195,0.0208,0.0148,0.0205,0.0056,0.0045,0.0062,0.0191,0.0192,0.0204,0.0189,0.007,0.0055,0.0072,0.0199,0.0193,0.0025,0.0024,0.0006,0.0004,0.0005,0.0036,0.0035,0.0282,0.0286,0.0078,0.0081,0.0044,0.0227,0.0221,0.0238,0.0195,0.0107,0.009,0.016,0.0027,0.0258
paired,0,115000,125.65186191687826,126.18577304203063,0.5472128391265869,1.2200713157653809,26,0.635,0.4015020408163265,0.0223,0.0173,0.0074,0.0066,0.0113,0.0181,0.0226,0.0248,0.0191,0.0064,0.0058,0.0087,0.0205,0.0201,0.0155,0.0203,0.0057,0.0046,0.0063,0.0189,0.0185,0.0212,0.0187,0.0072,0.0051,0.0063,0.0198,0.0182,0.0028,0.0026,0.0007,0.0004,0.0003,0.0036,0.0035,0.028,0.0278,0.0075,0.0072,0.0045,0.0226,0.022,0.0247,0.021,0.0108,0.0079,0.0142,0.0017,0.0239
paired,0,116000,126.74917463865131,127.28848445904441,0.5095664858818054,1.101851463317871,24,0.6174999999999999,0.4188183673469388,0.0237,0.0189,0.0078,0.0069,0.0129,0.0179,0.0225,0.0252,0.0184,0.0064,0.0048,0.008,0.0196,0.0204,0.0156,0.0197,0.0054,0.004,0.0058,0.0183,0.0183,0.0207,0.0177,0.0066,0.0045,0.0065,0.0202,0.0194,0.0026,0.0025,0.0007,0.0005,0.0006,0.003,0.0039,0.0278,0.0265,0.0055,0.0066,0.0045,0.0229,0.0217,0.0238,0.0165,0.0083,0.0063,0.007,0.0046,0.0256
paired,0,117000,127.83695063425694,128.383668125025,0.5592749118804932,1.0820891857147217,26,0.6467,0.3920938775510203,0.023,0.0206,0.0086,0.0069,0.0148,0.0176,0.023,0.0246,0.0202,0.0072,0.0056,0.0094,0.0195,0.0207,0.0148,0.0206,0.0056,0.0049,0.0061,0.0193,0.0191,0.021,0.0192,0.0075,0.0048,0.0071,0.0196,0.0192,0.0029,0.0027,0.0005,0.0005,0.0005,0.0031,0.0035,0.027,0.0278,0.008,0.0076,0.0048,0.0239,0.0225,0.0239,0.014,0.0118,0.0088,0.0123,0.0046,0.0255
paired,0,118000,128.9047461959999,129.4617689170409,0.5592391490936279,1.053201675415039,27,0.6544000000000001,0.38689387755102034,0.0221,0.0185,0.0077,0.0063,0.0127,0.0182,0.0223,0.0255,0.0206,0.007,0.0056,0.0105,0.0202,0.0201,0.0155,0.0206,0.0062,0.0051,0.006,0.0193,0.0184,0.0208,0.0192,0.0076,0.0047,0.0072,0.0201,0.019,0.0028,0.0029,0.0004,0.0006,0.0004,0.0039,0.0032,0.0275,0.0286,0.0083,0.0075,0.0046,0.0244,0.0225,0.0254,0.0213,0.0116,0.0084,0.016,0.0021,0.025
paired,0,119000,130.00087292632088,130.56624041695613,0.5338363647460938,1.103825569152832,27,0.6606000000000001,0.3822102040816326,0.0235,0.0199,0.0088,0.0067,0.015,0.0166,0.0227,0.0256,0.0204,0.0071,0.0052,0.0104,0.0196,0.0212,0.0159,0.0204,0.0069,0.004,0.0064,0.0188,0.0194,0.0215,0.0188,0.008,0.0049,0.0073,0.0203,0.0194,0.003,0.0029,0.0005,0.0005,0.0005,0.0034,0.0033,0.0276,0.0271,0.0088,0.0072,0.0051,0.0239,0.0233,0.0258,0.0187,0.0117,0.0096,0.014,0.0039,0.0251
paired,0,120000,131.10537674766965,131.67607704200782,0.5574376583099365,1.152622938156128,27,0.6643,0.3800938775510204,0.023,0.02,0.0088,0.0064,0.0149,0.0165,0.0232,0.0254,0.0207,0.008,0.0052,0.0106,0.0199,0.0212,0.0156,0.0209,0.0072,0.0041,0.0063,0.0181,0.0194,0.0214,0.0189,0.0079,0.0042,0.0072,0.0204,0.0199,0.003,0.0032,0.0005,0.0005,0.0004,0.0034,0.0026,0.0281,0.0277,0.0096,0.0073,0.0051,0.0239,0.023,0.0258,0.0199,0.0126,0.008,0.0153,0.0037,0.0254
paired,0,121000,132.2039190736832,132.77960920904297,0.529842734336853,1.274418830871582,27,0.6594,0.3861938775510204,0.024,0.0195,0.0092,0.0058,0.0129,0.0172,0.0238,0.0251,0.0192,0.0077,0.005,0.0091,0.0192,0.0213,0.0156,0.0208,0.0074,0.0041,0.0065,0.0182,0.0191,0.0221,0.0185,0.0088,0.0044,0.0068,0.0201,0.02,0.0036,0.0028,0.0006,0.0003,0.0001,0.0032,0.0025,0.0284,0.0279,0.011,0.0066,0.0048,0.0221,0.0224,0.0261,0.0226,0.0128,0.0073,0.0167,0.0019,0.0243
paired,0,122000,133.29992335417774,133.88190558401402,0.5562368631362915,1.1347061395645142,27,0.6535,0.3889102040816327,0.0245,0.0202,0.0093,0.0066,0.0161,0.0175,0.0234,0.0248,0.0189,0.0078,0.005,0.01,0.0188,0.021,0.0158,0.0198,0.007,0.0038,0.006,0.0173,0.0182,0.0214,0.0174,0.0086,0.0043,0.0073,0.0193,0.0195,0.0027,0.0027,0.0006,0.0002,0.0008,0.0032,0.0035,0.0281,0.0275,0.0092,0.0065,0.0053,0.0243,0.0214,0.0251,0.0187,0.0118,0.0077,0.0154,0.0038,0.0254
paired,0,123000,134.37929336726665,134.96642312500626,0.5818414092063904,1.1286380290985107,29,0.6656,0.37659387755102036,0.0235,0.021,0.0111,0.0065,0.0149,0.0175,0.023,0.0247,0.0201,0.0092,0.0053,0.0109,0.0189,0.0207,0.0156,0.0202,0.0089,0.0032,0.0061,0.0174,0.0185,0.0214,0.0183,0.0099,0.0043,0.0078,0.0202,0.0206,0.0031,0.0027,0.0006,0.0003,0.0007,0.0029,0.0033,0.0282,0.0267,0.0114,0.0062,0.0052,0.0236,0.0236,0.0243,0.0169,0.0133,0.0078,0.0134,0.0055,0.0262
paired,0,124000,135.45594481634907,136.0490215839818,0.5819560885429382,1.0971838235855103,29,0.6759000000000002,0.37050204081632643,0.0234,0.0197,0.0091,0.0057,0.0153,0.0184,0.0236,0.0241,0.0191,0.0087,0.0049,0.0102,0.0196,0.0209,0.016,0.0199,0.0087,0.0037,0.0065,0.018,0.0185,0.0216,0.0179,0.0109,0.0047,0.0073,0.02,0.0199,0.0027,0.0032,0.0006,0.0003,0.0008,0.0032,0.0033,0.0287,0.027,0.0128,0.0065,0.0057,0.0243,0.0238,0.0256,0.0227,0.0148,0.0074,0.0162,0.0044,0.0256
paired,0,125000,136.6554065864766,137.25364966702182,0.5642992258071899,1.142540454864502,32,0.6851,0.3587102040816326,0.0236,0.0204,0.0125,0.0063,0.0164,0.0188,0.0233,0.0246,0.0198,0.011,0.0047,0.0107,0.0194,0.0202,0.016,0.0202,0.0104,0.0036,0.0064,0.0189,0.0188,0.0214,0.0175,0.0115,0.0042,0.0074,0.0202,0.02,0.0024,0.0028,0.0007,0.0003,0.0005,0.0034,0.0028,0.0293,0.0275,0.014,0.0066,0.0055,0.0244,0.0231,0.024,0.0216,0.0156,0.0071,0.0157,0.0041,0.0255
paired,0,126000,137.9067731400719,138.5110187920509,0.5366811752319336,1.1957287788391113,31,0.6764999999999999,0.3625183673469388,0.0235,0.0198,0.0114,0.0057,0.0144,0.019,0.0221,0.0245,0.0193,0.0102,0.0051,0.0094,0.0202,0.0198,0.0161,0.0209,0.0101,0.0037,0.0065,0.0184,0.0189,0.0203,0.0173,0.0118,0.0037,0.0082,0.0203,0.0202,0.003,0.0029,0.0008,0.0005,0.0003,0.0033,0.0032,0.0287,0.0268,0.0142,0.0064,0.0055,0.0251,0.023,0.0228,0.0203,0.0161,0.0071,0.0143,0.0057,0.0257
paired,0,127000,139.06536221900024,139.67572287505027,0.54029381275177,1.0696371793746948,32,0.6834,0.3567102040816326,0.0229,0.0191,0.0127,0.0055,0.0169,0.0184,0.0228,0.0246,0.0195,0.0112,0.0048,0.0105,0.0205,0.0197,0.0162,0.0206,0.0114,0.0034,0.0067,0.0182,0.0189,0.0201,0.0171,0.0128,0.0037,0.0084,0.0199,0.0196,0.0027,0.0025,0.0008,0.0003,0.0004,0.0029,0.0034,0.0286,0.0266,0.0143,0.0055,0.0061,0.026,0.0227,0.0238,0.0202,0.0172,0.0065,0.0145,0.0068,0.0255
paired,0,128000,140.1516843145946,140.76843275001738,0.5626538395881653,1.0572253465652466,32,0.6793,0.35661020408163263,0.0223,0.0193,0.0144,0.0059,0.0177,0.0188,0.0226,0.0248,0.0201,0.0129,0.0045,0.0108,0.0189,0.0199,0.0157,0.021,0.0121,0.003,0.0073,0.0184,0.0183,0.0194,0.0173,0.0137,0.0034,0.0078,0.02,0.019,0.0023,0.0022,0.0008,0.0003,0.0005,0.0029,0.0031,0.0289,0.0268,0.016,0.0052,0.0056,0.0248,0.0209,0.0219,0.0218,0.0177,0.0052,0.0136,0.0049,0.0246
paired,0,129000,141.2536431424087,141.87881487503182,0.5567595958709717,1.1709930896759033,32,0.6985,0.34120204081632655,0.023,0.0182,0.0155,0.006,0.0174,0.0184,0.0226,0.0248,0.0187,0.0133,0.0045,0.0104,0.0192,0.0195,0.0158,0.0205,0.013,0.0029,0.0069,0.0186,0.0184,0.02,0.0178,0.0147,0.0035,0.0089,0.0205,0.0195,0.0027,0.0027,0.0014,0.0002,0.0005,0.0035,0.0033,0.0284,0.0265,0.0182,0.0058,0.0062,0.0246,0.0216,0.0232,0.0235,0.0203,0.0065,0.0165,0.005,0.0254
paired,0,130000,142.35012193047442,142.98038354201708,0.5594257712364197,1.084867238998413,32,0.706,0.3345020408163265,0.0231,0.0182,0.0165,0.0057,0.018,0.0186,0.0222,0.0251,0.0191,0.0152,0.0048,0.0113,0.0187,0.02,0.0161,0.0203,0.014,0.0032,0.0073,0.0181,0.0182,0.021,0.0175,0.016,0.0037,0.0084,0.0193,0.019,0.0029,0.0024,0.0013,0.0003,0.0006,0.0036,0.0033,0.0283,0.0264,0.0185,0.0053,0.0065,0.0241,0.0217,0.0226,0.0235,0.0211,0.0065,0.0168,0.0054,0.0263
paired,0,131000,143.4383544762386,144.07375879201572,0.56650310754776,1.1522908210754395,31,0.6960000000000001,0.3416020408163265,0.0226,0.0176,0.0162,0.0059,0.0157,0.0174,0.0218,0.0257,0.0189,0.0165,0.0045,0.0089,0.0186,0.0197,0.0166,0.02,0.015,0.0027,0.0065,0.0177,0.0185,0.021,0.018,0.0167,0.0036,0.0078,0.0196,0.0184,0.0033,0.0024,0.0011,0.0003,0.0007,0.0036,0.003,0.0274,0.0256,0.0194,0.0052,0.0062,0.0247,0.0217,0.0226,0.0218,0.0214,0.0063,0.0136,0.0074,0.0262
paired,0,132000,144.53210305643734,145.17290229198989,0.5440381169319153,1.1917991638183594,32,0.7037,0.33281836734693876,0.0225,0.0187,0.0173,0.0057,0.018,0.0185,0.0222,0.0253,0.0198,0.0166,0.0046,0.0123,0.0196,0.0203,0.015,0.02,0.0146,0.0027,0.0078,0.0179,0.0192,0.0211,0.0175,0.0165,0.0032,0.0088,0.0194,0.019,0.0025,0.0025,0.0011,0.0001,0.0005,0.0037,0.0031,0.0277,0.0258,0.0184,0.0049,0.007,0.0249,0.0223,0.0227,0.0194,0.0199,0.0055,0.0132,0.0083,0.0261
paired,0,133000,145.66026338166557,146.30742895894218,0.5867853164672852,1.1673882007598877,32,0.7152999999999999,0.3238938775510204,0.0221,0.0185,0.0182,0.0058,0.0183,0.018,0.0221,0.0248,0.0198,0.0165,0.0044,0.0127,0.0206,0.0201,0.0154,0.0201,0.0152,0.0028,0.0084,0.0179,0.0188,0.021,0.0177,0.0166,0.0032,0.0096,0.0198,0.0193,0.0026,0.0028,0.0011,0.0003,0.0007,0.003,0.0031,0.027,0.0259,0.0192,0.0055,0.0073,0.0252,0.0224,0.0228,0.0233,0.0223,0.0064,0.0161,0.0056,0.025
paired,0,134000,146.75549763150048,147.40861595899332,0.5179562568664551,1.1286993026733398,32,0.7156,0.3236938775510204,0.0224,0.0187,0.018,0.0056,0.0193,0.0178,0.0225,0.0252,0.0201,0.0167,0.0042,0.0118,0.0194,0.02,0.0151,0.0205,0.0151,0.0027,0.0082,0.0176,0.019,0.0211,0.0184,0.0174,0.003,0.0095,0.0193,0.0188,0.0024,0.0033,0.0013,0.0004,0.0009,0.0031,0.0035,0.0277,0.0269,0.0195,0.0053,0.0077,0.0252,0.0227,0.0218,0.021,0.0215,0.0061,0.0136,0.0082,0.0261
paired,0,135000,147.84966031613294,148.50920874997973,0.5584969520568848,1.0848088264465332,33,0.7274,0.31619387755102035,0.0222,0.0187,0.0183,0.0062,0.0202,0.0171,0.0222,0.025,0.02,0.0171,0.0045,0.0142,0.0185,0.0206,0.0153,0.0202,0.0163,0.0031,0.0094,0.0175,0.019,0.0213,0.0182,0.0175,0.0034,0.0105,0.0193,0.0191,0.0021,0.0029,0.0012,0.0003,0.0008,0.003,0.0028,0.0284,0.0265,0.02,0.0055,0.0076,0.0249,0.0224,0.0231,0.0233,0.0228,0.0057,0.0158,0.0072,0.0262
paired,0,136000,148.95730537327472,149.6226855419809,0.5517995357513428,1.1829017400741577,32,0.7257,0.31576938775510205,0.0215,0.0193,0.0173,0.0056,0.0209,0.0177,0.0216,0.025,0.021,0.0181,0.0046,0.0152,0.0181,0.0206,0.0144,0.0203,0.0164,0.0032,0.0098,0.0169,0.0194,0.021,0.0188,0.0175,0.0032,0.0097,0.0187,0.0185,0.0027,0.003,0.0012,0.0002,0.001,0.0029,0.0032,0.0276,0.0265,0.0207,0.0051,0.0075,0.0242,0.0221,0.0233,0.0229,0.023,0.0056,0.0156,0.007,0.0261
paired,0,137000,150.05877518467605,150.73328275000677,0.5726222991943359,1.1001182794570923,34,0.7293000000000001,0.3138775510204081,0.0215,0.0185,0.0175,0.0051,0.0222,0.0158,0.0225,0.025,0.0204,0.0174,0.0041,0.0158,0.0182,0.0217,0.0146,0.0208,0.0159,0.003,0.0101,0.0172,0.0194,0.0212,0.0188,0.0177,0.0033,0.0103,0.0194,0.0198,0.0021,0.0029,0.0012,0.0003,0.0009,0.0031,0.0026,0.0274,0.026,0.0199,0.0052,0.0081,0.0241,0.0216,0.0231,0.0237,0.0225,0.0062,0.0157,0.0095,0.026
paired,0,138000,151.1391064999625,151.81933866697364,0.5692312717437744,1.1615986824035645,34,0.7284,0.3127857142857142,0.0215,0.0199,0.0187,0.0059,0.0223,0.0175,0.0216,0.0245,0.0206,0.0184,0.004,0.0151,0.0175,0.0203,0.0146,0.0204,0.0159,0.0029,0.0106,0.0163,0.0188,0.0204,0.0184,0.018,0.0033,0.0103,0.019,0.0202,0.0023,0.0028,0.0013,0.0002,0.0009,0.0028,0.0023,0.0274,0.0261,0.0211,0.006,0.0077,0.0232,0.0221,0.0246,0.024,0.0229,0.0063,0.0155,0.007,0.025
paired,0,139000,152.22048316849396,152.90698966698255,0.5584694147109985,1.21308171749115,33,0.7,0.3401857142857143,0.0221,0.0189,0.0177,0.0048,0.0222,0.0166,0.0211,0.0237,0.0185,0.016,0.0023,0.0092,0.015,0.0172,0.0147,0.0196,0.0161,0.0029,0.0101,0.0153,0.0177,0.0216,0.0188,0.0181,0.0026,0.0104,0.0186,0.0195,0.0026,0.0027,0.0006,0.0004,0.0009,0.0031,0.0022,0.0272,0.0256,0.0208,0.005,0.0082,0.0237,0.0215,0.0239,0.0236,0.0231,0.0052,0.0157,0.0069,0.0258
paired,0,140000,153.33382081403397,154.02574908395763,0.5218561887741089,1.1657501459121704,35,0.734,0.31049387755102037,0.0223,0.0201,0.0185,0.0054,0.0243,0.0176,0.0217,0.0242,0.0202,0.0172,0.0042,0.0162,0.0176,0.0199,0.0147,0.0201,0.016,0.0026,0.0116,0.0167,0.0195,0.0212,0.0181,0.0183,0.0031,0.0115,0.0187,0.0191,0.0024,0.0021,0.0012,0.0001,0.001,0.003,0.0027,0.0275,0.0264,0.0203,0.0053,0.0092,0.0236,0.0222,0.0236,0.0232,0.0229,0.0052,0.014,0.0108,0.0267
paired,0,141000,154.4133192737354,155.11099624994677,0.5202338695526123,1.062281608581543,34,0.7341,0.30697755102040813,0.022,0.0197,0.0187,0.005,0.0245,0.0175,0.0217,0.0247,0.0205,0.018,0.0039,0.0173,0.018,0.0199,0.0146,0.02,0.0165,0.0026,0.0123,0.0171,0.0193,0.0216,0.0192,0.019,0.0031,0.0123,0.0195,0.0193,0.0024,0.002,0.001,0.0003,0.001,0.0026,0.0024,0.0275,0.0266,0.0208,0.005,0.0097,0.0245,0.0223,0.0232,0.0221,0.0208,0.0052,0.0143,0.0082,0.0244
paired,0,142000,155.51542824786156,156.21907720901072,0.5556464195251465,1.1289130449295044,36,0.739,0.30538571428571426,0.0215,0.0193,0.0178,0.0039,0.0244,0.0175,0.0207,0.0246,0.0204,0.0177,0.0036,0.0176,0.0175,0.0191,0.0142,0.0198,0.0157,0.0024,0.0129,0.0167,0.0199,0.0209,0.0191,0.0189,0.0036,0.013,0.019,0.0194,0.0026,0.0019,0.0014,0.0003,0.001,0.003,0.0024,0.0276,0.0262,0.0206,0.0048,0.0103,0.0247,0.0224,0.0235,0.0236,0.0234,0.0051,0.0158,0.0113,0.026
paired,0,143000,156.60194023267832,157.311230042018,0.5408722758293152,1.1963281631469727,36,0.7453,0.29928571428571427,0.021,0.019,0.0186,0.0038,0.0247,0.0168,0.0215,0.0246,0.0202,0.0178,0.0035,0.0193,0.0181,0.0204,0.0141,0.0203,0.016,0.0027,0.014,0.0168,0.0202,0.0213,0.0194,0.0199,0.0037,0.0135,0.0188,0.0199,0.0024,0.0019,0.0014,0.0001,0.0008,0.0026,0.0022,0.027,0.0257,0.0205,0.0046,0.0104,0.0235,0.0225,0.0247,0.0232,0.0232,0.0045,0.0145,0.0128,0.0269
paired,0,144000,157.71641424589325,158.43100687500555,0.555365264415741,1.0905669927597046,36,0.7515,0.2936938775510204,0.0214,0.0191,0.019,0.0046,0.0259,0.0179,0.0212,0.0245,0.0203,0.0173,0.0033,0.0196,0.0187,0.0198,0.0148,0.0204,0.0164,0.0028,0.0144,0.0171,0.0199,0.0203,0.0186,0.0203,0.0036,0.0141,0.0183,0.0194,0.0027,0.0024,0.0016,0.0002,0.001,0.0021,0.0017,0.0271,0.0264,0.0211,0.0052,0.0107,0.0245,0.0217,0.0245,0.0243,0.0235,0.005,0.0163,0.0121,0.0244
paired,0,145000,158.80821253638715,159.5280658339616,0.587862491607666,1.043188452720642,36,0.7434000000000001,0.299669387755102,0.022,0.0201,0.0195,0.0055,0.0258,0.0176,0.0209,0.0241,0.0207,0.0179,0.003,0.0193,0.0172,0.0192,0.0144,0.0208,0.0174,0.0026,0.0139,0.0171,0.0197,0.0209,0.0184,0.0191,0.0034,0.0133,0.0176,0.0196,0.0026,0.0023,0.0016,0.0001,0.0016,0.0021,0.0017,0.0255,0.0258,0.0212,0.005,0.0108,0.0244,0.022,0.0241,0.0234,0.0229,0.0046,0.0155,0.0101,0.0251
paired,0,146000,159.9224262413336,160.64758820901625,0.5771830081939697,1.154247522354126,36,0.7549999999999999,0.2944857142857143,0.0231,0.0201,0.019,0.0053,0.0259,0.0176,0.0211,0.0251,0.0204,0.0181,0.0036,0.0196,0.0171,0.0195,0.0154,0.0204,0.0169,0.0027,0.0148,0.0167,0.0194,0.0214,0.0177,0.0193,0.0035,0.014,0.0183,0.02,0.0025,0.0024,0.0014,0.0001,0.001,0.0026,0.0023,0.0274,0.0259,0.0212,0.0047,0.0109,0.0238,0.0229,0.0243,0.0237,0.0231,0.0044,0.0153,0.0128,0.0263
paired,0,147000,161.03830793662928,161.76914045901503,0.523963987827301,1.115748405456543,36,0.7591000000000001,0.293269387755102,0.0224,0.0191,0.0197,0.0041,0.0269,0.0185,0.0209,0.025,0.0199,0.0176,0.0034,0.0207,0.0177,0.0192,0.0158,0.0211,0.0172,0.0022,0.0145,0.017,0.0196,0.0216,0.0185,0.0196,0.0034,0.0149,0.0179,0.0195,0.0027,0.0024,0.0015,0.0001,0.0015,0.0022,0.0023,0.0278,0.0255,0.0217,0.0046,0.0115,0.024,0.0221,0.0244,0.024,0.024,0.0046,0.0152,0.0123,0.0268
paired,0,148000,162.14370215742383,162.8803343749605,0.5666808485984802,1.1400606632232666,36,0.7575,0.2925857142857143,0.0236,0.0194,0.0197,0.0049,0.0265,0.0173,0.0211,0.0247,0.0198,0.0178,0.0034,0.0202,0.0168,0.0192,0.016,0.0204,0.0171,0.0024,0.0148,0.0168,0.0198,0.0217,0.0184,0.0193,0.0031,0.0147,0.0177,0.0196,0.0029,0.0019,0.0011,0.0,0.0018,0.0025,0.0024,0.0277,0.0255,0.022,0.0043,0.0121,0.0235,0.0219,0.0237,0.0236,0.0233,0.0051,0.0156,0.0134,0.027
paired,0,149000,163.23619631887414,163.97880224999972,0.5401202440261841,1.1919384002685547,36,0.7624000000000001,0.290269387755102,0.0219,0.0197,0.0186,0.0036,0.0268,0.0181,0.0205,0.0259,0.0204,0.0183,0.0037,0.0211,0.0184,0.0195,0.0154,0.0206,0.0169,0.0022,0.0151,0.0168,0.0203,0.0215,0.0186,0.0196,0.0039,0.0151,0.0179,0.019,0.0034,0.0018,0.0015,0.0,0.0015,0.0029,0.0018,0.0279,0.026,0.0222,0.0041,0.0124,0.0234,0.022,0.0241,0.0234,0.0244,0.0046,0.0149,0.0132,0.0275
paired,0,150000,164.3143511172384,165.06280299997889,0.5481511354446411,1.1376973390579224,36,0.7489999999999999,0.2986693877551021,0.0218,0.0186,0.0171,0.0036,0.025,0.0171,0.0201,0.026,0.021,0.0188,0.0036,0.0208,0.018,0.0191,0.0155,0.0209,0.0181,0.0024,0.0148,0.0169,0.0202,0.0214,0.0186,0.02,0.0029,0.0145,0.0175,0.0189,0.0026,0.0017,0.0013,0.0001,0.0015,0.0026,0.0023,0.0277,0.0259,0.022,0.0042,0.0121,0.023,0.0223,0.0235,0.0231,0.0234,0.0041,0.0135,0.0125,0.0264
